  0.14211
 -0.01052
 -0.04051
 -0.12174
 -0.00582
  0.01231
 -0.32249
 -0.72700
  0.40563
 -0.10071
 -0.07184
  0.22693

  0.14077
 -0.01208
 -0.04062
 -0.11772
 -0.00504
  0.01264
 -0.32517
 -0.72196
  0.40496
 -0.09601
 -0.07027
  0.22738

  0.14390
 -0.01320
 -0.04196
 -0.11693
 -0.00425
  0.01197
 -0.33625
 -0.71961
  0.39668
 -0.09209
 -0.06580
  0.22212

  0.14256
 -0.01119
 -0.04409
 -0.10765
 -0.00548
  0.00850
 -0.38303
 -0.70798
  0.36121
 -0.06568
 -0.04163
  0.18900

  0.13741
 -0.01119
 -0.04308
 -0.12242
 -0.00492
  0.01477
 -0.37430
 -0.71928
  0.35147
 -0.08348
 -0.06624
  0.22436

  0.12488
 -0.00929
 -0.04230
 -0.13831
 -0.00627
  0.02037
 -0.38191
 -0.72644
  0.33457
 -0.09601
 -0.07441
  0.23644

  0.12991
 -0.00906
 -0.04073
 -0.13596
 -0.00504
  0.01981
 -0.39030
 -0.73897
  0.30884
 -0.10048
 -0.04722
  0.17837

  0.11850
 -0.00582
 -0.03458
 -0.12365
 -0.00078
  0.03044
 -0.33972
 -0.75509
  0.35293
 -0.11637
 -0.08717
  0.24774

  0.11458
 -0.00313
 -0.02932
 -0.12074
 -0.00067
  0.02708
 -0.31018
 -0.80085
  0.33178
 -0.17568
 -0.11772
  0.24886

  0.04185
 -0.01186
 -0.05931
 -0.01343
 -0.02753
 -0.04420
 -0.36859
 -0.74155
  0.34800
 -0.09713
 -0.06691
  0.22570

  0.00828
 -0.01085
 -0.04398
 -0.00526
 -0.02686
 -0.03928
 -0.35483
 -0.76124
  0.33312
 -0.12969
 -0.08124
  0.22827

  0.00045
 -0.00929
 -0.04107
 -0.00985
 -0.02272
 -0.03267
 -0.33133
 -0.75520
  0.36568
 -0.12734
 -0.11917
  0.28265

