 -0.18732
 -0.07710
 -0.00671
 -0.13461
  0.01690
  0.26509
 -0.24618
 -0.03894
  0.10015
  0.10821
 -0.00369
  0.06356

 -0.18262
 -0.05349
  0.07766
 -0.09668
  0.01276
  0.29340
 -0.23991
 -0.04409
  0.03771
  0.12421
 -0.00492
 -0.03312

 -0.17355
 -0.05640
  0.01913
 -0.13070
  0.02204
  0.20723
 -0.24136
 -0.03749
  0.09176
  0.05505
  0.00302
  0.05103

 -0.17143
 -0.05472
  0.01757
 -0.12488
  0.02327
  0.20444
 -0.23275
 -0.03279
  0.09243
  0.05819
  0.00179
  0.05696

 -0.16695
 -0.05270
  0.01287
 -0.13036
  0.02473
  0.20768
 -0.22726
 -0.03010
  0.09288
  0.04856
  0.00660
  0.05696

 -0.16180
 -0.04006
  0.06020
 -0.09545
  0.02383
  0.21171
 -0.16953
 -0.02193
  0.09411
  0.06121
  0.00369
  0.05013

 -0.19672
 -0.05606
  0.07866
 -0.14077
  0.01712
  0.24562
 -0.26721
 -0.04778
  0.09813
  0.09411
  0.00123
  0.01455

 -0.20321
 -0.03525
  0.06837
 -0.16538
  0.03547
  0.27012
 -0.26587
 -0.04968
  0.09355
  0.09120
  0.00515
  0.01119

 -0.15039
 -0.05740
 -0.01757
 -0.12331
  0.02148
  0.22290
 -0.25166
 -0.04073
  0.11626
  0.07654
  0.00123
  0.05293

 -0.13484
 -0.04655
 -0.01466
 -0.08985
  0.02562
  0.22368
 -0.15442
 -0.00347
  0.10272
  0.05875
  0.00067
  0.07520

