 -0.00022
  0.00884
  0.01925
  0.01343
 -0.00604
  0.00850
  0.01029
  0.00145
  0.01511
  0.00045
  0.00168
  0.02865

 -0.00425
  0.00895
  0.02059
  0.01018
 -0.00492
  0.01208
  0.01421
  0.00201
  0.01499
  0.00224
  0.00403
  0.02786

  0.00179
  0.01141
  0.02842
  0.01085
 -0.00213
  0.01734
  0.00526
  0.00123
  0.00850
  0.00213
  0.00213
  0.02283

  0.14614
  0.02160
  0.11537
 -0.29653
 -0.17904
  0.41536
 -0.04207
 -0.00280
 -0.01253
  0.05606
  0.00235
 -0.01645

 -0.01343
 -0.01041
  0.03894
 -0.35774
 -0.32193
  0.49515
 -0.16315
 -0.02260
  0.00436
  0.10362
 -0.00559
 -0.05662

 -0.21305
 -0.06691
  0.07844
 -0.19224
  0.00179
  0.29217
 -0.29272
 -0.06591
  0.06535
  0.12197
 -0.00067
 -0.03883

  0.18665
  0.00224
  0.06871
 -0.21540
  0.00067
  0.21529
 -0.03189
 -0.00425
  0.20086
  0.01029
 -0.03805
  0.19000

  0.22380
 -0.21160
  0.46236
  0.04655
 -0.17277
  0.53800
 -0.04901
 -0.00078
 -0.00034
  0.03189
  0.00470
 -0.02126

  0.14021
 -0.14166
  0.43483
 -0.04062
 -0.44009
  0.63737
 -0.04588
 -0.00134
 -0.00336
  0.04095
  0.00582
 -0.01018

  0.02853
  0.02730
  0.13103
 -0.28064
 -0.61230
  0.60156
 -0.04756
 -0.00280
 -0.00772
  0.03502
  0.00459
 -0.01141

