  0.22797  0.00000  0.07727  0.14686  0.00105  0.03898  0.89131  1.04427  0.15573  0.11224  0.05461  0.11912
  0.00258  0.00000  0.00000  0.01971  0.00037  0.00090  0.50054  0.03400  0.02566  0.04888  0.00256  0.00820
  0.00050  0.00000  0.00000  0.00309  0.00045  0.00097  0.06682  0.00251  0.03089  0.00731  0.00078  0.00257
  0.00067  0.00000  0.00000  0.00179  0.00000  0.00000  0.15539  0.01905  0.01308  0.01309  0.00234  0.00251
  0.00000  0.00000  0.00000  0.00099  0.00000  0.00000  0.09021  0.00859  0.03678  0.01055  0.00166  0.00117
  0.00043  0.00000  0.00000  0.00000  0.00000  0.00040  0.00941  0.00237  0.00367  0.00079  0.00087  0.00043
  0.00000  0.00000  0.00000  0.00000  0.00000  0.00000  0.00826  0.00378  0.00920  0.00052  0.00000  0.00000
  0.00000  0.00000  0.00000  0.00062  0.00000  0.00000  0.03135  0.00632  0.00587  0.00181  0.00000  0.00000

  0.18291  0.00000  0.08530  0.03821  0.00000  0.04820  1.32611  0.09569  0.07430  0.06339  0.03002  0.25968
  0.00164  0.00000  0.00000  0.01200  0.00000  0.00034  0.23718  0.28001  0.03200  0.07557  0.00344  0.01230
  0.00047  0.00000  0.00113  0.00932  0.00000  0.00090  0.02929  0.01608  0.00878  0.00033  0.00538  0.00136
  0.00000  0.00000  0.00000  0.00154  0.00030  0.00000  0.01988  0.01411  0.00041  0.00304  0.00032  0.00107
  0.00042  0.00000  0.00000  0.00000  0.00000  0.00036  0.00873  0.00325  0.00000  0.00153  0.00000  0.00000
  0.00000  0.00000  0.00000  0.00000  0.00000  0.00000  0.00785  0.00448  0.00069  0.00230  0.00000  0.00104
  0.00000  0.00000  0.00000  0.00000  0.00000  0.00000  0.00538  0.00361  0.00000  0.00138  0.00000  0.00000
  0.00000  0.00000  0.00000  0.00000  0.00000  0.00000  0.00782  0.00190  0.00104  0.00167  0.00000  0.00000

  0.27426  0.00000  0.11318  0.07180  0.00000  0.03293  0.28986  0.15124  0.05862  0.25769  0.08187  0.19467
  0.00000  0.00000  0.00000  0.00202  0.00000  0.00066  0.36949  0.52049  0.00467  0.02962  0.00441  0.00326
  0.00000  0.00000  0.00000  0.00136  0.00000  0.00068  0.07498  0.10378  0.00967  0.00268  0.00393  0.00132
  0.00000  0.00000  0.00000  0.00051  0.00000  0.00000  0.07170  0.02809  0.00153  0.00034  0.00000  0.00083
  0.00000  0.00000  0.00000  0.00064  0.00000  0.00000  0.03330  0.01882  0.00807  0.00333  0.00137  0.00046
  0.00000  0.00000  0.00000  0.00000  0.00000  0.00000  0.01967  0.01747  0.00000  0.00105  0.00097  0.00000
  0.00000  0.00000  0.00000  0.00000  0.00000  0.00000  0.01667  0.00702  0.00223  0.00103  0.00098  0.00125
  0.00000  0.00000  0.00000  0.00000  0.00000  0.00000  0.02152  0.01204  0.00504  0.00038  0.00000  0.00000

  0.30680  0.00065  0.08901  0.11055  0.00069  0.02729  0.63762  0.34976  0.18540  0.16036  0.05778  0.20487
  0.00113  0.00000  0.00000  0.00541  0.00000  0.00082  0.18042  0.17650  0.02721  0.01352  0.00132  0.01018
  0.00038  0.00000  0.00000  0.00230  0.00000  0.00000  0.03848  0.04538  0.00367  0.00515  0.00000  0.00041
  0.00000  0.00000  0.00000  0.00000  0.00000  0.00000  0.00588  0.01156  0.00306  0.00594  0.00095  0.00078
  0.00000  0.00000  0.00000  0.00044  0.00000  0.00000  0.01000  0.00519  0.00000  0.00047  0.00000  0.00101
  0.00000  0.00000  0.00000  0.00000  0.00000  0.00000  0.01074  0.00552  0.00145  0.00000  0.00105  0.00065
  0.00000  0.00000  0.00000  0.00035  0.00000  0.00000  0.00726  0.00861  0.00261  0.00072  0.00000  0.00000
  0.00000  0.00000  0.00000  0.00000  0.00000  0.00000  0.00882  0.00621  0.00144  0.00208  0.00000  0.00000

  0.28064  0.00179  0.06045  0.08649  0.00095  0.02729  0.36840  0.25010  0.09779  0.16633  0.06372  0.18081
  0.00075  0.00000  0.00000  0.00152  0.00031  0.00000  0.61184  0.42028  0.01759  0.02878  0.00269  0.00138
  0.00031  0.00000  0.00000  0.00423  0.00000  0.00000  0.12028  0.09188  0.00782  0.00999  0.00103  0.00251
  0.00000  0.00000  0.00000  0.00087  0.00039  0.00000  0.05946  0.02604  0.01128  0.00290  0.00040  0.00000
  0.00000  0.00000  0.00000  0.00055  0.00000  0.00000  0.04878  0.01914  0.00391  0.00510  0.00194  0.00000
  0.00000  0.00000  0.00000  0.00000  0.00000  0.00000  0.02784  0.01510  0.00085  0.00000  0.00062  0.00000
  0.00000  0.00000  0.00000  0.00000  0.00000  0.00000  0.01609  0.00589  0.00316  0.00210  0.00000  0.00000
  0.00000  0.00000  0.00000  0.00000  0.00000  0.00000  0.01501  0.00845  0.00207  0.00198  0.00000  0.00000

  0.26000  0.00042  0.08296  0.06455  0.00037  0.02223  0.04441  0.31450  0.07829  0.19113  0.09375  0.17931
  0.00166  0.00000  0.00000  0.00773  0.00037  0.00000  0.73970  0.69633  0.00262  0.03708  0.00279  0.00035
  0.00075  0.00000  0.00000  0.00354  0.00000  0.00000  0.08684  0.04340  0.00946  0.00454  0.00000  0.00000
  0.00000  0.00000  0.00000  0.00108  0.00000  0.00038  0.10739  0.05127  0.00838  0.00239  0.00131  0.00065
  0.00000  0.00000  0.00000  0.00000  0.00000  0.00032  0.05805  0.02114  0.00813  0.00075  0.00033  0.00289
  0.00000  0.00000  0.00000  0.00000  0.00000  0.00000  0.03262  0.02164  0.00134  0.00494  0.00104  0.00101
  0.00000  0.00000  0.00000  0.00000  0.00000  0.00000  0.02203  0.00780  0.00099  0.00057  0.00000  0.00143
  0.00000  0.00000  0.00000  0.00000  0.00000  0.00000  0.01674  0.00786  0.00033  0.00107  0.00108  0.00000

  0.28711  0.00069  0.06858  0.05369  0.00065  0.01668  0.01774  0.30797  0.07108  0.18248  0.09507  0.15121
  0.00092  0.00000  0.00000  0.00670  0.00030  0.00054  0.74547  0.65719  0.00205  0.06157  0.00749  0.00294
  0.00000  0.00000  0.00000  0.00127  0.00000  0.00037  0.14385  0.06583  0.01384  0.01954  0.00345  0.00123
  0.00000  0.00000  0.00034  0.00077  0.00000  0.00000  0.09066  0.03953  0.00140  0.00698  0.00209  0.00000
  0.00000  0.00000  0.00000  0.00041  0.00000  0.00000  0.05064  0.02022  0.00731  0.00556  0.00000  0.00000
  0.00000  0.00000  0.00000  0.00054  0.00000  0.00000  0.04567  0.01597  0.01684  0.00666  0.00203  0.00098
  0.00000  0.00000  0.00000  0.00000  0.00000  0.00000  0.02487  0.01672  0.00532  0.00000  0.00000  0.00052
  0.00000  0.00000  0.00000  0.00000  0.00000  0.00000  0.01797  0.01052  0.00063  0.00439  0.00140  0.00136

  0.28064  0.00203  0.06349  0.07842  0.00146  0.02292  0.12114  0.51733  0.21294  0.26844  0.10010  0.14511
  0.00000  0.00000  0.00000  0.00088  0.00000  0.00000  0.57573  0.67637  0.00681  0.04391  0.00404  0.00370
  0.00000  0.00000  0.00000  0.00207  0.00000  0.00000  0.05853  0.05025  0.00000  0.00695  0.00108  0.00274
  0.00000  0.00000  0.00000  0.00000  0.00000  0.00000  0.00930  0.01445  0.00000  0.00399  0.00000  0.00132
  0.00000  0.00000  0.00000  0.00000  0.00000  0.00000  0.02263  0.01444  0.00267  0.00216  0.00153  0.00142
  0.00000  0.00000  0.00000  0.00000  0.00000  0.00000  0.01397  0.01207  0.00245  0.00436  0.00141  0.00153
  0.00000  0.00000  0.00000  0.00000  0.00000  0.00000  0.01198  0.01080  0.00000  0.00071  0.00048  0.00201
  0.00000  0.00000  0.00000  0.00000  0.00000  0.00000  0.01056  0.00645  0.00058  0.00092  0.00000  0.00044

  0.23374  0.00095  0.05181  0.10033  0.00101  0.01718  0.01720  1.14190  0.33069  0.13590  0.06771  0.18929
  0.00117  0.00000  0.00000  0.00599  0.00000  0.00000  0.21211  0.18932  0.00322  0.03034  0.00044  0.01468
  0.00079  0.00000  0.00000  0.00205  0.00000  0.00000  0.03486  0.00974  0.00438  0.02188  0.00115  0.00159
  0.00000  0.00000  0.00000  0.00035  0.00000  0.00041  0.03374  0.00403  0.00564  0.00052  0.00052  0.00184
  0.00000  0.00000  0.00000  0.00000  0.00000  0.00000  0.02548  0.00394  0.00056  0.01086  0.00119  0.00000
  0.00000  0.00000  0.00000  0.00000  0.00000  0.00000  0.01329  0.00030  0.00281  0.00377  0.00073  0.00147
  0.00000  0.00000  0.00000  0.00000  0.00000  0.00000  0.00636  0.00121  0.00074  0.00279  0.00124  0.00000
  0.00000  0.00000  0.00000  0.00000  0.00000  0.00000  0.00433  0.00040  0.00369  0.00466  0.00000  0.00000

  0.27424  0.00041  0.06252  0.11724  0.00079  0.01878  0.15643  1.79472  0.23374  0.21487  0.06160  0.22597
  0.00083  0.00000  0.00000  0.00614  0.00057  0.00000  0.02617  0.16770  0.00692  0.02329  0.00396  0.00194
  0.00047  0.00067  0.00058  0.00235  0.00040  0.00065  0.02250  0.02541  0.00000  0.00724  0.00585  0.00034
  0.00034  0.00000  0.00000  0.00055  0.00000  0.00000  0.01573  0.00832  0.01100  0.00196  0.00836  0.00051
  0.00000  0.00000  0.00000  0.00000  0.00000  0.00000  0.00000  0.00226  0.00000  0.00137  0.00276  0.00059
  0.00000  0.00000  0.00000  0.00000  0.00000  0.00000  0.00186  0.00679  0.00409  0.00031  0.00053  0.00143
  0.00000  0.00000  0.00000  0.00000  0.00000  0.00000  0.00056  0.00572  0.00498  0.00000  0.00035  0.00208
  0.00000  0.00000  0.00000  0.00000  0.00000  0.00000  0.00048  0.00103  0.00662  0.00105  0.00126  0.00047

  0.18425  0.00052  0.05650  0.06647  0.00000  0.00974  0.28830  0.81180  0.16738  0.08195  0.06040  0.17222
  0.00146  0.00000  0.00000  0.00921  0.00000  0.00050  0.10361  0.34054  0.00000  0.05208  0.00496  0.00579
  0.00000  0.00043  0.00000  0.00034  0.00000  0.00000  0.01998  0.08309  0.00165  0.00689  0.00764  0.00101
  0.00000  0.00030  0.00054  0.00096  0.00000  0.00054  0.00195  0.05372  0.00107  0.00241  0.00173  0.00046
  0.00000  0.00000  0.00000  0.00000  0.00000  0.00044  0.00142  0.02878  0.00000  0.00065  0.00138  0.00000
  0.00000  0.00000  0.00000  0.00000  0.00000  0.00000  0.00159  0.01387  0.00000  0.00000  0.00149  0.00000
  0.00000  0.00000  0.00000  0.00000  0.00000  0.00000  0.00580  0.01308  0.00037  0.00079  0.00057  0.00095
  0.00000  0.00000  0.00000  0.00000  0.00000  0.00000  0.00246  0.01061  0.00112  0.00000  0.00000  0.00000

  0.38739  0.00105  0.05940  0.02935  0.00033  0.00592  0.09048  0.16621  0.33967  0.03899  0.00573  0.24992
  0.00208  0.00000  0.00036  0.05213  0.00366  0.00000  0.13859  0.62477  0.07498  0.02309  0.00167  0.00655
  0.00043  0.00000  0.00056  0.01137  0.00063  0.00051  0.09655  0.22483  0.00525  0.03774  0.00979  0.01264
  0.00066  0.00000  0.00085  0.00035  0.00035  0.00104  0.02326  0.05911  0.00042  0.01217  0.00098  0.00433
  0.00000  0.00000  0.00046  0.00039  0.00000  0.00082  0.00000  0.03759  0.00084  0.00000  0.00140  0.00000
  0.00037  0.00000  0.00000  0.00124  0.00000  0.00000  0.00386  0.02376  0.00110  0.00231  0.00160  0.00409
  0.00000  0.00000  0.00000  0.00000  0.00000  0.00000  0.00441  0.02581  0.00147  0.00454  0.00165  0.00159
  0.00000  0.00000  0.00000  0.00000  0.00000  0.00000  0.00409  0.02096  0.00263  0.00234  0.00062  0.00155

  0.33656  0.00299  0.05366  0.07726  0.00179  0.01566  2.00241  0.00612  0.14365  0.05213  0.05602  0.29366
  0.00165  0.00000  0.00000  0.00833  0.00132  0.00000  0.04493  0.21871  0.03986  0.08561  0.00251  0.00085
  0.00052  0.00000  0.00000  0.00070  0.00000  0.00045  0.02836  0.02999  0.01299  0.03478  0.00104  0.00232
  0.00000  0.00000  0.00000  0.00000  0.00000  0.00042  0.01149  0.01205  0.00141  0.00408  0.00000  0.00000
  0.00000  0.00000  0.00000  0.00000  0.00000  0.00000  0.00468  0.00936  0.00127  0.00185  0.00000  0.00051
  0.00000  0.00000  0.00000  0.00000  0.00000  0.00000  0.00415  0.00698  0.00110  0.00307  0.00034  0.00000
  0.00000  0.00000  0.00000  0.00000  0.00000  0.00000  0.00119  0.00287  0.00046  0.00038  0.00044  0.00040
  0.00000  0.00000  0.00000  0.00000  0.00000  0.00000  0.00265  0.00538  0.00120  0.00121  0.00039  0.00000

  0.26795  0.00196  0.05279  0.05755  0.00033  0.01935  2.13249  0.25900  0.04662  0.00276  0.04058  0.23038
  0.00162  0.00000  0.00000  0.00659  0.00036  0.00000  0.74380  0.64505  0.05007  0.35070  0.01077  0.00483
  0.00000  0.00000  0.00000  0.00042  0.00000  0.00096  0.20052  0.04015  0.03843  0.03691  0.01069  0.00651
  0.00000  0.00000  0.00000  0.00072  0.00000  0.00056  0.10484  0.02459  0.00254  0.03879  0.00269  0.01114
  0.00000  0.00000  0.00000  0.00034  0.00000  0.00000  0.09659  0.02034  0.00442  0.00138  0.00218  0.00306
  0.00000  0.00000  0.00000  0.00000  0.00000  0.00000  0.09843  0.00480  0.00764  0.01672  0.00063  0.00157
  0.00000  0.00000  0.00000  0.00037  0.00000  0.00000  0.05359  0.00891  0.00108  0.00622  0.00000  0.00106
  0.00000  0.00000  0.00000  0.00000  0.00000  0.00000  0.05178  0.01147  0.00115  0.00622  0.00132  0.00398

  0.28276  0.00218  0.05940  0.08767  0.00094  0.02795  2.85163  0.80249  0.12880  0.04058  0.02045  0.30016
  0.00152  0.00000  0.00000  0.00000  0.00000  0.00106  0.18110  0.15064  0.03942  0.22910  0.00573  0.00133
  0.00000  0.00000  0.00000  0.00037  0.00000  0.00062  0.06502  0.00929  0.01031  0.07087  0.01174  0.00780
  0.00000  0.00000  0.00000  0.00182  0.00000  0.00000  0.11797  0.00126  0.00674  0.01425  0.00040  0.00077
  0.00000  0.00000  0.00000  0.00000  0.00000  0.00000  0.09115  0.00517  0.00394  0.00731  0.00387  0.00179
  0.00000  0.00000  0.00000  0.00000  0.00000  0.00000  0.06616  0.00422  0.00384  0.01341  0.00139  0.00101
  0.00000  0.00000  0.00000  0.00000  0.00000  0.00000  0.03199  0.00166  0.00094  0.00435  0.00000  0.00098
  0.00000  0.00000  0.00000  0.00000  0.00000  0.00000  0.00748  0.00135  0.00063  0.00034  0.00060  0.00000

  0.37993  0.00372  0.05655  0.11045  0.00240  0.01274  2.47832  0.76065  0.04158  0.14613  0.02622  0.20996
  0.00187  0.00000  0.00000  0.00934  0.00123  0.00054  0.28702  0.16185  0.03784  0.19218  0.01539  0.00030
  0.00045  0.00000  0.00000  0.00047  0.00032  0.00036  0.15096  0.00216  0.00137  0.00190  0.00678  0.01645
  0.00044  0.00000  0.00000  0.00064  0.00032  0.00040  0.12933  0.00459  0.00678  0.01361  0.00280  0.00335
  0.00000  0.00000  0.00000  0.00000  0.00000  0.00000  0.04645  0.00117  0.01862  0.03662  0.00211  0.00124
  0.00000  0.00000  0.00000  0.00000  0.00000  0.00000  0.01928  0.00701  0.00713  0.04580  0.00210  0.00054
  0.00000  0.00000  0.00000  0.00000  0.00000  0.00000  0.02285  0.00315  0.00348  0.01704  0.00000  0.00052
  0.00000  0.00000  0.00000  0.00000  0.00000  0.00000  0.01297  0.00182  0.00301  0.00626  0.00094  0.00000

  0.43645  0.00189  0.08654  0.12284  0.00299  0.00978  1.55738  0.39402  0.06705  0.16307  0.00380  0.24167
  0.00138  0.00000  0.00000  0.00088  0.00000  0.00215  0.66504  0.14042  0.05567  0.04568  0.00228  0.00043
  0.00063  0.00000  0.00000  0.00161  0.00047  0.00066  0.06173  0.01147  0.02197  0.04567  0.00054  0.02328
  0.00000  0.00000  0.00000  0.00146  0.00000  0.00000  0.18636  0.02755  0.01230  0.01720  0.00779  0.00045
  0.00000  0.00000  0.00000  0.00000  0.00000  0.00000  0.03739  0.00000  0.01598  0.03120  0.00060  0.00072
  0.00000  0.00000  0.00000  0.00039  0.00000  0.00000  0.05622  0.01444  0.00251  0.01610  0.00936  0.00000
  0.00000  0.00000  0.00000  0.00000  0.00000  0.00000  0.00741  0.00056  0.00154  0.00364  0.00189  0.00000
  0.00000  0.00000  0.00000  0.00000  0.00000  0.00000  0.00733  0.00076  0.00092  0.00000  0.00000  0.00000

  0.40258  0.00316  0.07842  0.14187  0.00497  0.01241  1.16399  0.16787  0.16066  0.26448  0.00066  0.17553
  0.00055  0.00000  0.00000  0.00037  0.00000  0.00031  0.59587  0.06533  0.00951  0.13328  0.00055  0.00920
  0.00000  0.00000  0.00000  0.00072  0.00000  0.00120  0.15596  0.01425  0.02140  0.06968  0.00249  0.01360
  0.00000  0.00000  0.00000  0.00034  0.00000  0.00000  0.06825  0.00238  0.00548  0.04841  0.00067  0.00066
  0.00000  0.00000  0.00000  0.00000  0.00000  0.00030  0.14400  0.01140  0.01609  0.03742  0.00206  0.00530
  0.00000  0.00000  0.00000  0.00000  0.00000  0.00033  0.05215  0.00229  0.00237  0.03301  0.00447  0.00147
  0.00000  0.00000  0.00000  0.00000  0.00000  0.00000  0.02548  0.00439  0.00469  0.01375  0.00049  0.00000
  0.00000  0.00000  0.00000  0.00000  0.00000  0.00000  0.01066  0.00231  0.00395  0.00283  0.00000  0.00033

  0.40025  0.00586  0.03288  0.11078  0.00345  0.00105  1.09834  0.28808  0.05580  0.30691  0.00088  0.19797
  0.00049  0.00000  0.00120  0.00135  0.00000  0.00425  0.48470  0.13478  0.02489  0.03182  0.00591  0.00064
  0.00086  0.00000  0.00000  0.00395  0.00040  0.00264  0.10198  0.02692  0.05119  0.03068  0.00069  0.01890
  0.00000  0.00000  0.00000  0.00000  0.00000  0.00000  0.02987  0.00195  0.00272  0.02172  0.00143  0.02019
  0.00000  0.00000  0.00000  0.00135  0.00000  0.00000  0.11694  0.02263  0.01399  0.03694  0.00268  0.00041
  0.00000  0.00000  0.00000  0.00000  0.00000  0.00000  0.03838  0.00853  0.00397  0.01078  0.00031  0.00138
  0.00000  0.00000  0.00000  0.00000  0.00000  0.00000  0.05475  0.00338  0.00540  0.01237  0.00363  0.00000
  0.00000  0.00000  0.00000  0.00000  0.00000  0.00000  0.10224  0.01009  0.00712  0.01088  0.00207  0.00000

  0.34838  0.00299  0.04830  0.10519  0.00215  0.01247  1.56702  0.25608  0.04713  0.18795  0.00994  0.23183
  0.00035  0.00000  0.00000  0.00057  0.00000  0.00123  0.20254  0.04666  0.01653  0.01074  0.00112  0.00000
  0.00000  0.00000  0.00000  0.00156  0.00000  0.00000  0.08134  0.00081  0.01267  0.00856  0.00066  0.00603
  0.00000  0.00000  0.00000  0.00000  0.00000  0.00000  0.02640  0.00592  0.00166  0.04384  0.00078  0.00176
  0.00000  0.00000  0.00000  0.00000  0.00000  0.00000  0.06831  0.00343  0.01914  0.02016  0.00237  0.00044
  0.00000  0.00000  0.00000  0.00000  0.00000  0.00000  0.05280  0.00194  0.00883  0.01293  0.00362  0.00063
  0.00000  0.00000  0.00000  0.00000  0.00000  0.00000  0.01052  0.00265  0.00248  0.02862  0.00039  0.00000
  0.00000  0.00000  0.00000  0.00000  0.00000  0.00000  0.01349  0.00162  0.00169  0.00832  0.00000  0.00034

