  0.03870  3.56977  0.75280  2.47892  0.92011  0.55216  0.03877  0.10107  0.20414  0.16971  0.02027  0.33306
  0.17273  2.59275  0.03249  0.64118  4.45422  0.50280  0.03310  0.15429  0.07789  0.01076  0.03400  0.17936
  0.16212  1.86783  0.02482  0.72996  1.67809  0.38226  0.00875  0.12521  0.03545  0.04537  0.04399  0.09538
  0.05231  2.25298  0.11558  1.34578  0.81980  0.20139  0.01135  0.13210  0.03587  0.00357  0.03361  0.10607
  0.02928  2.31834  0.11874  1.75445  0.48190  0.17248  0.00371  0.09203  0.03903  0.05060  0.03074  0.07246
  0.02590  2.12285  0.07205  1.96568  0.27000  0.11940  0.00308  0.05664  0.02278  0.06896  0.02686  0.04574
  0.02175  1.97975  0.03377  2.02795  0.18651  0.09441  0.00480  0.04465  0.00860  0.02112  0.02642  0.03849
  0.02265  1.77835  0.01166  2.00054  0.12401  0.05128  0.00969  0.03548  0.00336  0.00571  0.01494  0.03163

  1.01587  2.67756  0.69585  8.31932  2.16928  0.09276  0.22551  0.07598  0.12625  0.03604  0.07043  0.07977
  0.17538  0.36093  1.02385  2.28797  0.58638  0.20545  0.04114  0.04692  0.00454  0.21665  0.08472  0.01141
  0.44151  1.37032  0.61709  1.32419  3.54858  0.72772  0.04162  0.03989  0.00340  0.11648  0.08598  0.05041
  0.33238  0.96756  2.88015  2.12669  0.61980  1.02271  0.05522  0.12172  0.01137  0.40944  0.32431  0.03447
  0.71848  3.84764  1.09425  4.54660  0.55659  0.91685  0.07293  0.08215  0.03007  0.05495  0.40063  0.07727
  0.80216  3.07525  0.70610  0.38715  1.04885  0.80568  0.04071  0.04351  0.02901  0.05476  0.19257  0.02794
  0.68192  2.58165  0.74112  3.31189  1.92318  0.35818  0.00961  0.04143  0.01216  0.02841  0.09922  0.00704
  1.14158  1.36755  0.76356  5.07587  1.70187  0.12713  0.00275  0.02171  0.00268  0.01793  0.07474  0.00836

  2.02274  5.53035  0.98358  3.01388  1.55124  1.23734  0.04110  0.01112  0.09585  0.00584  0.01834  0.06491
  0.26424  0.44678  0.03181  0.49246  1.16191  0.53832  0.01002  0.02807  0.00996  0.02962  0.03174  0.00060
  0.55195  0.09645  0.27263  0.22691  1.01657  0.28236  0.05459  0.04515  0.01868  0.22728  0.04423  0.01095
  0.65723  0.55477  0.57713  0.31886  1.44898  0.13150  0.06971  0.05510  0.06122  0.24398  0.02915  0.00939
  0.33656  1.20798  0.89347  0.12581  2.01589  0.01694  0.08251  0.05437  0.06860  0.19111  0.02187  0.01644
  0.02251  1.46668  1.04569  0.07598  2.14994  0.10067  0.06010  0.05420  0.05970  0.16082  0.01214  0.01952
  0.14195  1.20640  1.04477  0.53486  1.94523  0.41157  0.03879  0.03201  0.04705  0.07389  0.00444  0.02545
  0.61641  0.78227  0.88874  1.22551  1.54304  0.75540  0.03007  0.01588  0.01957  0.02578  0.00305  0.02099

  1.03915  2.12501  1.08825  4.22672  0.08329  0.58751  0.08601  0.00715  0.06778  0.06400  0.02661  0.08841
  0.56485  1.19155  0.13383  0.47786  4.21204  0.32800  0.04352  0.04491  0.03407  0.27575  0.02344  0.02602
  0.01523  1.31801  0.24288  0.70434  3.64547  0.51757  0.09777  0.13439  0.06157  0.59600  0.07684  0.06694
  0.02470  2.19717  0.39503  1.76164  2.08298  0.38663  0.10475  0.10784  0.07488  0.59407  0.06981  0.07778
  0.31647  1.71168  0.20697  1.94726  0.96722  0.19931  0.03591  0.04369  0.04113  0.26491  0.03901  0.06900
  0.50836  0.70774  0.11469  1.68309  0.42501  0.25066  0.00478  0.01315  0.00988  0.04499  0.01149  0.05521
  0.43695  0.20498  0.22122  1.77401  0.25189  0.44123  0.00211  0.01682  0.00559  0.00222  0.01020  0.04007
  0.49286  0.14423  0.29954  2.29552  0.12815  0.52630  0.00751  0.00921  0.00428  0.02466  0.01697  0.02408

  0.60094  0.88076  0.87194  1.88246  1.93670  0.59725  0.19661  0.01668  0.03723  0.16721  0.00929  0.06934
  0.16523  3.32853  1.58158  6.03410  3.58530  1.34242  0.06951  0.00415  0.00090  0.29816  0.01834  0.05127
  2.07615  6.47825  3.70568  2.51978  3.47888  0.45018  0.08042  0.06925  0.00877  0.50537  0.00165  0.03358
  0.49087  3.08681  0.69790  1.96342  2.27493  0.50253  0.00103  0.01528  0.01582  0.03182  0.00766  0.04266
  0.02284  2.47129  1.11484  2.77641  0.81974  0.19282  0.01782  0.01639  0.00343  0.00862  0.01170  0.01890
  0.09223  1.32549  0.25781  2.61977  0.49945  0.21084  0.00983  0.02073  0.00547  0.01134  0.01258  0.04052
  0.02967  0.80922  0.26719  0.97739  0.56319  0.47713  0.01143  0.00783  0.00416  0.00270  0.00681  0.01992
  0.01372  0.41918  0.13161  0.45633  0.59439  0.18614  0.00221  0.00239  0.00993  0.00109  0.00550  0.01162

  0.23692  1.54190  0.22965  1.18172  2.87900  0.04045  0.18240  0.02028  0.11530  0.04110  0.00552  0.13554
  0.28781  2.20634  0.71906  1.48343  3.17458  0.12704  0.01630  0.03477  0.00043  0.14704  0.00471  0.01218
  0.02418  2.65452  0.58454  0.75061  1.63198  0.29984  0.02689  0.09971  0.01509  0.45338  0.03851  0.03787
  0.04840  2.79444  0.68340  2.12443  1.02778  0.38809  0.01228  0.07158  0.06062  0.17856  0.05738  0.07242
  0.22371  1.73002  0.33949  2.74937  0.47542  0.31649  0.00844  0.02807  0.05327  0.05316  0.05422  0.08200
  0.17149  1.32574  0.10762  2.30323  0.42998  0.18339  0.00698  0.01097  0.00639  0.02093  0.04030  0.05461
  0.08465  1.27047  0.08434  1.49427  1.08619  0.07299  0.00440  0.00585  0.00875  0.01024  0.02745  0.04592
  0.17125  1.07886  0.08176  1.12806  1.87820  0.02478  0.00079  0.00191  0.01109  0.00743  0.00996  0.04606

  0.28768  0.87203  2.61416  0.24718  3.38868  0.77477  0.06281  0.01287  0.12787  0.05706  0.01870  0.18410
  0.39317  2.95339  2.37146  0.91111  2.46327  1.62236  0.03661  0.02014  0.00167  0.17548  0.00105  0.01196
  0.01634  2.54909  1.33929  1.85757  3.19881  2.24800  0.03016  0.03685  0.03704  0.18414  0.01209  0.04563
  0.03935  2.16175  0.54886  4.06430  1.48067  1.82073  0.00413  0.01986  0.09738  0.07994  0.01469  0.09427
  0.10751  1.59018  0.05675  3.33499  0.36097  0.52480  0.00581  0.01568  0.03228  0.02903  0.02176  0.05972
  0.13637  1.59863  0.13541  0.94432  0.97477  0.17672  0.00709  0.01387  0.01265  0.01926  0.02085  0.02618
  0.05728  0.89947  0.48494  0.44267  1.57234  0.88960  0.01183  0.00650  0.02997  0.00438  0.00144  0.01641
  0.01118  0.63057  0.94026  0.28008  2.26034  0.37182  0.00736  0.00381  0.01847  0.00503  0.00422  0.02299

  0.51003  1.98500  0.68402  2.10960  1.34879  0.90952  0.04655  0.04986  0.00990  0.13185  0.06099  0.03542
  0.16665  2.12410  1.75851  1.39012  3.01523  0.65245  0.04668  0.03407  0.04144  0.33437  0.01132  0.06538
  0.08691  2.69064  0.97014  1.10653  1.93060  0.54160  0.05771  0.05212  0.01271  0.24186  0.03047  0.01298
  0.17648  2.62729  0.51295  2.82051  0.81357  0.56938  0.00692  0.00840  0.02692  0.05728  0.03073  0.02967
  0.17219  1.71064  0.65260  1.84580  0.50888  0.08229  0.01232  0.00862  0.00527  0.01124  0.01310  0.02368
  0.16686  1.18445  0.71872  1.24311  1.03764  0.19175  0.01385  0.02605  0.00411  0.03006  0.01154  0.00982
  0.12464  0.86826  0.52103  1.38011  1.04018  0.50596  0.00677  0.01492  0.00381  0.00274  0.01254  0.00082
  0.15856  1.26636  0.36280  1.74772  0.36200  0.30708  0.00991  0.00370  0.00308  0.00623  0.02250  0.01088

  0.69198  1.52902  0.70071  0.68202  0.26468  1.65365  0.19018  0.01439  0.01548  0.01286  0.01405  0.02733
  0.02284  0.07593  0.70626  0.26671  0.72748  0.83642  0.03971  0.01562  0.00298  0.19717  0.00140  0.01002
  0.27163  2.47596  0.21288  1.22891  3.02808  1.93095  0.09271  0.06557  0.02691  0.57479  0.02670  0.02674
  0.49529  1.81647  1.36731  0.75179  0.80322  1.03568  0.04017  0.03264  0.04801  0.19026  0.02325  0.03021
  0.55534  2.31439  1.45950  2.41613  0.74885  0.13953  0.01332  0.01243  0.01081  0.23232  0.02819  0.03085
  0.87021  1.90496  1.15603  1.33414  0.60393  0.19285  0.01131  0.01260  0.01328  0.06862  0.02501  0.02397
  0.86155  1.07415  0.60578  1.19404  0.28942  0.15630  0.01330  0.00699  0.00497  0.03384  0.00183  0.01021
  0.37855  1.50749  0.20152  1.29735  0.22387  0.43484  0.01243  0.00193  0.01395  0.01205  0.01318  0.00259

  0.86370  0.41883  1.19707  1.77781  1.14528  0.24491  0.19676  0.00845  0.12907  0.12668  0.01730  0.16848
  0.02578  1.14102  0.13038  0.48642  1.93905  0.37956  0.03080  0.07035  0.01043  0.31996  0.01530  0.01781
  0.30060  3.43905  0.55538  1.13984  2.40970  0.46284  0.05808  0.13367  0.09101  0.35996  0.06284  0.05659
  0.11729  2.78758  0.61122  2.46908  1.11527  0.50161  0.01647  0.01264  0.07076  0.13838  0.02540  0.07569
  0.47729  4.08698  1.41029  1.97640  1.82727  0.10727  0.01364  0.02406  0.00904  0.06418  0.00248  0.04812
  1.08079  1.74552  1.41694  1.81810  1.65702  0.16576  0.02119  0.01917  0.02161  0.04916  0.01576  0.02028
  1.02227  0.67397  1.23668  1.77061  1.16969  0.34890  0.02920  0.00337  0.00534  0.01626  0.00308  0.00973
  0.70359  0.09321  1.33163  0.98566  0.66145  0.39599  0.05542  0.00851  0.01268  0.02442  0.02934  0.02037

  1.18363  2.82256  0.69210  0.86076  0.78846  0.35145  0.19113  0.00666  0.02779  0.10049  0.02306  0.08628
  1.55034  1.84035  1.22526  0.82360  2.34245  0.76527  0.02094  0.01107  0.02351  0.20107  0.00199  0.03304
  0.32757  1.25008  0.62928  1.28142  1.67861  0.96551  0.01749  0.02374  0.03357  0.19318  0.01012  0.04402
  0.08673  2.01702  0.44639  2.17514  1.79851  0.36715  0.00405  0.02798  0.02313  0.09074  0.01778  0.05036
  0.06720  1.73500  0.38272  2.53785  2.08240  0.01444  0.00351  0.01146  0.00357  0.01461  0.00887  0.04093
  0.05413  1.51829  0.21782  2.20404  2.16121  0.32837  0.01431  0.00603  0.01128  0.00000  0.00124  0.03058
  0.04020  1.78686  0.10066  1.50623  1.96370  0.42947  0.01109  0.00559  0.02609  0.00428  0.00295  0.03580
  0.03142  2.38960  0.13875  0.92951  1.13176  0.16500  0.00281  0.00319  0.01668  0.00411  0.01317  0.04317

  0.44529  3.45072  4.11783  0.92743  0.30235  0.82705  0.16962  0.01259  0.08135  0.07021  0.00000  0.06298
  0.04731  0.13252  0.05736  0.20205  1.23793  0.84246  0.03462  0.02632  0.00179  0.22100  0.00828  0.00792
  0.07733  1.75180  0.21621  0.51652  3.02421  0.85471  0.04900  0.04594  0.04653  0.19356  0.02254  0.04719
  0.04263  1.84740  0.53811  1.69779  2.17072  0.29537  0.03629  0.03082  0.07497  0.11385  0.01663  0.07237
  0.16163  1.15265  0.66429  1.42843  1.82165  0.01422  0.03093  0.00847  0.01270  0.02972  0.00190  0.03214
  0.18338  0.32000  0.82950  0.67045  3.05233  0.23461  0.02969  0.01445  0.02305  0.00507  0.00204  0.01758
  0.34615  0.17224  1.93780  0.32173  2.10146  0.28175  0.02357  0.01498  0.03557  0.00579  0.00399  0.03143
  0.47997  0.67201  3.55624  0.08605  0.51510  0.19839  0.02470  0.01331  0.01729  0.03043  0.00147  0.01634

  0.87060  3.79669  2.41230  2.06108  0.76798  0.97770  0.10802  0.01043  0.05119  0.04279  0.01014  0.04755
  0.01704  0.32757  0.02611  0.31713  1.49508  0.72393  0.03784  0.01792  0.03526  0.16864  0.01170  0.04422
  0.67247  2.13978  0.64070  0.40230  0.77940  1.24883  0.08051  0.06195  0.03581  0.30194  0.04784  0.03394
  0.99344  2.95748  1.50055  1.37576  0.56283  0.65045  0.04370  0.04774  0.03830  0.18745  0.03841  0.01983
  0.85078  1.92582  1.79629  0.78122  0.95219  0.19513  0.01471  0.01967  0.01011  0.05554  0.01189  0.01663
  0.89610  0.85400  1.95680  0.41281  1.18412  0.50259  0.03225  0.00569  0.00551  0.02912  0.00135  0.01046
  1.17891  0.28893  2.24958  0.85371  0.95728  0.80883  0.04019  0.01431  0.01392  0.04394  0.01371  0.00420
  1.01311  0.14136  2.31572  1.10940  0.75268  0.74778  0.02117  0.01006  0.01475  0.02709  0.01471  0.00131

  1.94808  1.02338  2.71446  2.05765  0.14773  0.34487  0.13684  0.00548  0.02377  0.08000  0.05095  0.06642
  0.15503  0.56807  0.13445  0.10047  1.83920  0.19019  0.00722  0.01297  0.02165  0.05952  0.01248  0.01925
  0.56324  1.67721  0.64820  0.91189  1.75162  0.19988  0.02156  0.02138  0.04859  0.07367  0.03077  0.04529
  0.95571  2.81198  0.95001  2.66285  0.71595  0.10299  0.00683  0.01388  0.03616  0.05927  0.04421  0.03677
  0.96375  2.26999  0.84276  2.46225  0.20721  0.03824  0.00171  0.00716  0.01192  0.01988  0.01955  0.01318
  1.45080  1.62145  0.71198  1.19242  0.52165  0.09783  0.00860  0.01957  0.00084  0.01435  0.02029  0.01018
  1.48474  1.40821  1.04893  0.48468  0.37395  0.17583  0.01167  0.01487  0.01673  0.02632  0.02549  0.01299
  1.57086  0.79920  1.86421  1.21816  0.01581  0.26592  0.01585  0.00584  0.01489  0.02524  0.03658  0.01043

  0.13976  0.61588  0.02000  1.14606  0.34380  0.31718  0.01935  0.00474  0.05842  0.00059  0.00475  0.06255
  0.14522  0.56068  0.05361  0.26001  0.27473  0.09146  0.00405  0.00075  0.00533  0.01835  0.00000  0.01143
  0.04205  0.23935  0.01962  0.11599  0.22114  0.02533  0.00344  0.00239  0.00956  0.00769  0.00181  0.01360
  0.14199  0.16066  0.01092  0.11108  0.16196  0.00589  0.00135  0.00163  0.00997  0.00155  0.00206  0.01376
  0.19397  0.12483  0.01828  0.16001  0.10882  0.01766  0.00000  0.00047  0.00495  0.00069  0.00150  0.00375
  0.16324  0.08222  0.01761  0.11957  0.05021  0.02441  0.00065  0.00000  0.00033  0.00000  0.00075  0.00102
  0.11425  0.02056  0.00525  0.04974  0.02674  0.00941  0.00135  0.00000  0.00075  0.00030  0.00000  0.00318
  0.12029  0.01037  0.01040  0.03417  0.00971  0.00335  0.00095  0.00070  0.00040  0.00083  0.00182  0.00165

  0.25031  0.50670  0.03200  1.68415  0.35347  0.20996  0.08492  0.00088  0.05843  0.02094  0.00364  0.11413
  0.19684  1.06803  0.02217  0.81079  0.53874  0.09851  0.00159  0.00222  0.00000  0.00512  0.00080  0.00283
  0.18798  0.46345  0.03640  0.56481  0.21884  0.04883  0.00243  0.00142  0.00125  0.00202  0.00246  0.00506
  0.20138  0.23501  0.04001  0.29214  0.15920  0.01850  0.00296  0.00038  0.00385  0.00000  0.00238  0.01456
  0.21969  0.16945  0.02742  0.19840  0.12286  0.00117  0.00345  0.00044  0.00394  0.00143  0.00280  0.01734
  0.23790  0.13723  0.02568  0.14409  0.07723  0.00196  0.00232  0.00000  0.00220  0.00062  0.00389  0.01355
  0.23791  0.11682  0.02883  0.14884  0.05064  0.00036  0.00122  0.00000  0.00227  0.00083  0.00342  0.01005
  0.23198  0.09163  0.03099  0.20495  0.02297  0.00340  0.00102  0.00044  0.00046  0.00098  0.00148  0.00404

  0.01825  0.69694  0.12193  1.36805  0.30041  0.23615  0.12457  0.00276  0.02292  0.01322  0.00138  0.04115
  0.10469  0.28202  0.07432  0.38883  0.16813  0.08172  0.00293  0.00000  0.00109  0.03076  0.00000  0.00916
  0.04873  0.17806  0.18117  0.53461  0.09933  0.02184  0.01000  0.00093  0.00170  0.02847  0.00000  0.01313
  0.14140  0.17853  0.12719  0.34514  0.10601  0.02179  0.00310  0.00051  0.00514  0.01834  0.00033  0.01569
  0.10751  0.12075  0.04235  0.23586  0.06413  0.02895  0.00000  0.00000  0.00456  0.00302  0.00049  0.00688
  0.04221  0.06337  0.09963  0.11945  0.05240  0.00580  0.00139  0.00035  0.00210  0.00000  0.00000  0.00134
  0.02202  0.02598  0.16841  0.02350  0.04494  0.00640  0.00000  0.00000  0.00046  0.00116  0.00000  0.00138
  0.00670  0.01608  0.15280  0.00871  0.02902  0.00728  0.00000  0.00000  0.00045  0.00095  0.00000  0.00098

  0.05716  0.45252  0.10698  1.17429  0.31846  0.23680  0.11136  0.00073  0.06086  0.01501  0.00092  0.04492
  0.10730  0.49536  0.07376  0.51878  0.27654  0.07690  0.00058  0.00084  0.00330  0.00838  0.00039  0.01442
  0.04811  0.12376  0.07897  0.54317  0.13311  0.02029  0.00321  0.00171  0.00653  0.01706  0.00063  0.01394
  0.09391  0.16028  0.07395  0.35230  0.16429  0.00000  0.00175  0.00166  0.00827  0.01197  0.00177  0.00886
  0.07970  0.19334  0.08400  0.14074  0.18179  0.00314  0.00000  0.00088  0.01101  0.00218  0.00044  0.00526
  0.03194  0.13512  0.10657  0.03205  0.10020  0.00389  0.00343  0.00100  0.00540  0.00000  0.00076  0.00240
  0.02450  0.06590  0.11470  0.00332  0.03100  0.00379  0.00256  0.00097  0.00291  0.00168  0.00037  0.00154
  0.04342  0.04153  0.09785  0.00581  0.01907  0.00210  0.00113  0.00030  0.00268  0.00124  0.00000  0.00161

  0.03934  0.40508  0.07011  1.63965  0.41959  0.19091  0.10004  0.00047  0.03392  0.00000  0.00118  0.07011
  0.21056  0.50803  0.05101  0.51670  0.23775  0.06283  0.00000  0.00070  0.00241  0.00046  0.00000  0.00660
  0.12272  0.15591  0.08039  0.25888  0.09567  0.01201  0.00317  0.00163  0.00657  0.00226  0.00099  0.01461
  0.11306  0.10003  0.03808  0.15391  0.09390  0.00186  0.00252  0.00092  0.00830  0.00380  0.00056  0.01718
  0.15848  0.08200  0.01271  0.07241  0.07517  0.00215  0.00325  0.00121  0.00748  0.00452  0.00059  0.01143
  0.17260  0.04339  0.01159  0.02427  0.06187  0.00000  0.00339  0.00096  0.00713  0.00383  0.00000  0.00620
  0.13780  0.01078  0.03417  0.00394  0.03877  0.00144  0.00204  0.00000  0.00684  0.00179  0.00000  0.00178
  0.07473  0.00588  0.06041  0.00697  0.02667  0.00450  0.00145  0.00031  0.00269  0.00061  0.00000  0.00000

  0.01656  0.68921  0.03611  1.53460  0.30544  0.33417  0.12003  0.00177  0.03451  0.00410  0.00095  0.05655
  0.11029  0.19821  0.12231  0.25751  0.08029  0.05559  0.00096  0.00053  0.00117  0.00725  0.00000  0.00980
  0.05318  0.04693  0.07452  0.19349  0.03700  0.01066  0.00281  0.00038  0.00282  0.00556  0.00034  0.00917
  0.08280  0.02719  0.01556  0.13357  0.04899  0.01834  0.00163  0.00039  0.00279  0.00717  0.00049  0.00821
  0.10517  0.00949  0.01270  0.06897  0.02766  0.00390  0.00000  0.00000  0.00185  0.00195  0.00000  0.00179
  0.07183  0.00037  0.03389  0.03045  0.01280  0.00435  0.00000  0.00000  0.00049  0.00087  0.00000  0.00000
  0.03067  0.00076  0.02760  0.00722  0.00441  0.00766  0.00000  0.00000  0.00039  0.00000  0.00000  0.00117
  0.00658  0.00245  0.02219  0.00147  0.00382  0.00639  0.00000  0.00000  0.00066  0.00034  0.00000  0.00000

