  1.39310  0.05352  0.00212  0.07930  0.14820  0.88103  0.01890  0.00276  0.00754  0.18756  0.00716  0.01878
  0.00885  0.03237  0.00575  0.04216  0.00544  0.00092  0.00000  0.00000  0.00000  0.00315  0.00000  0.00000
  0.00283  0.00367  0.00064  0.02486  0.00480  0.00000  0.00000  0.00000  0.00000  0.00044  0.00000  0.00099
  0.00176  0.00077  0.00064  0.01354  0.00000  0.00106  0.00000  0.00000  0.00000  0.00037  0.00065  0.00000
  0.00000  0.00120  0.00000  0.00119  0.00211  0.00101  0.00000  0.00000  0.00000  0.00000  0.00000  0.00000
  0.00000  0.00083  0.00000  0.00164  0.00177  0.00045  0.00000  0.00000  0.00000  0.00030  0.00000  0.00000
  0.00000  0.00174  0.00034  0.00063  0.00037  0.00000  0.00000  0.00000  0.00000  0.00000  0.00000  0.00000
  0.00000  0.00056  0.00000  0.00152  0.00058  0.00000  0.00000  0.00000  0.00000  0.00000  0.00000  0.00000

  1.52956  0.00079  0.01876  0.05184  0.23173  0.99423  0.00832  0.00254  0.00586  0.18240  0.01103  0.01016
  0.00125  0.01395  0.00395  0.00880  0.00126  0.00350  0.00145  0.00000  0.00092  0.00287  0.00050  0.00195
  0.00000  0.00503  0.00157  0.00000  0.00088  0.00050  0.00152  0.00000  0.00035  0.00158  0.00083  0.00153
  0.00048  0.00170  0.00000  0.00034  0.00000  0.00000  0.00055  0.00000  0.00053  0.00099  0.00070  0.00207
  0.00000  0.00200  0.00052  0.00041  0.00000  0.00000  0.00073  0.00000  0.00059  0.00000  0.00000  0.00055
  0.00000  0.00107  0.00000  0.00000  0.00042  0.00058  0.00000  0.00000  0.00000  0.00000  0.00000  0.00000
  0.00000  0.00077  0.00000  0.00038  0.00000  0.00000  0.00000  0.00000  0.00000  0.00000  0.00000  0.00000
  0.00000  0.00031  0.00000  0.00000  0.00000  0.00000  0.00000  0.00000  0.00000  0.00000  0.00000  0.00000

  1.49474  0.10004  0.01574  0.04304  0.30680  1.14818  0.00742  0.00299  0.00984  0.21651  0.01445  0.01274
  0.00300  0.00355  0.00618  0.00930  0.00121  0.00117  0.00223  0.00000  0.00000  0.00351  0.00064  0.00075
  0.00000  0.00260  0.00121  0.00000  0.00035  0.00069  0.00000  0.00000  0.00000  0.00000  0.00000  0.00000
  0.00000  0.00034  0.00000  0.00078  0.00000  0.00000  0.00000  0.00000  0.00000  0.00031  0.00000  0.00000
  0.00000  0.00059  0.00000  0.00039  0.00000  0.00000  0.00000  0.00000  0.00000  0.00051  0.00000  0.00037
  0.00000  0.00061  0.00000  0.00031  0.00000  0.00000  0.00000  0.00000  0.00000  0.00000  0.00000  0.00000
  0.00000  0.00000  0.00000  0.00000  0.00000  0.00000  0.00000  0.00000  0.00000  0.00000  0.00000  0.00000
  0.00000  0.00000  0.00000  0.00000  0.00000  0.00000  0.00000  0.00000  0.00000  0.00000  0.00000  0.00000

  1.57990  0.07583  0.00065  0.09796  0.22981  0.99016  0.01322  0.00456  0.00897  0.17905  0.00754  0.00751
  0.00236  0.01095  0.01953  0.00990  0.00119  0.00037  0.00082  0.00000  0.00053  0.00040  0.00000  0.00000
  0.00000  0.00156  0.00323  0.00241  0.00126  0.00041  0.00087  0.00000  0.00064  0.00188  0.00000  0.00057
  0.00040  0.00123  0.00301  0.00152  0.00000  0.00036  0.00041  0.00000  0.00037  0.00000  0.00000  0.00051
  0.00000  0.00082  0.00183  0.00127  0.00000  0.00000  0.00000  0.00000  0.00000  0.00047  0.00000  0.00000
  0.00036  0.00155  0.00106  0.00074  0.00000  0.00000  0.00000  0.00000  0.00000  0.00000  0.00000  0.00000
  0.00000  0.00031  0.00071  0.00000  0.00000  0.00000  0.00000  0.00000  0.00000  0.00000  0.00000  0.00000
  0.00000  0.00032  0.00049  0.00049  0.00000  0.00000  0.00000  0.00000  0.00000  0.00000  0.00000  0.00000

  1.38441  0.10811  0.07562  0.01040  0.18248  0.48965  0.00000  0.00234  0.00527  0.17721  0.01185  0.01365
  0.01340  0.00822  0.01270  0.01310  0.00100  0.05018  0.00000  0.00000  0.00000  0.00125  0.00031  0.00042
  0.00373  0.00000  0.00000  0.00266  0.00051  0.00626  0.00000  0.00000  0.00000  0.00073  0.00000  0.00000
  0.00400  0.00033  0.00179  0.00180  0.00034  0.00465  0.00000  0.00000  0.00000  0.00000  0.00000  0.00046
  0.00000  0.00000  0.00000  0.00000  0.00033  0.00075  0.00000  0.00000  0.00000  0.00000  0.00000  0.00030
  0.00045  0.00000  0.00000  0.00083  0.00000  0.00065  0.00000  0.00000  0.00000  0.00000  0.00000  0.00000
  0.00060  0.00000  0.00050  0.00070  0.00000  0.00048  0.00000  0.00000  0.00000  0.00000  0.00000  0.00000
  0.00000  0.00000  0.00030  0.00000  0.00000  0.00081  0.00000  0.00000  0.00000  0.00000  0.00000  0.00000

  1.13531  0.19676  0.03000  0.05946  0.20000  1.14833  0.00033  0.00196  0.00325  0.22025  0.01274  0.00566
  0.00809  0.01074  0.02314  0.00780  0.00000  0.00292  0.00268  0.00000  0.00000  0.00590  0.00000  0.00162
  0.00072  0.00242  0.01369  0.00055  0.00000  0.00310  0.00000  0.00000  0.00000  0.00035  0.00000  0.00000
  0.00073  0.00079  0.00097  0.00187  0.00038  0.00000  0.00000  0.00000  0.00073  0.00000  0.00000  0.00030
  0.00033  0.00000  0.00221  0.00208  0.00000  0.00000  0.00000  0.00000  0.00000  0.00000  0.00000  0.00000
  0.00000  0.00034  0.00116  0.00098  0.00000  0.00000  0.00000  0.00000  0.00000  0.00032  0.00000  0.00000
  0.00000  0.00000  0.00095  0.00065  0.00000  0.00000  0.00000  0.00000  0.00000  0.00000  0.00000  0.00000
  0.00000  0.00040  0.00074  0.00000  0.00000  0.00000  0.00000  0.00000  0.00000  0.00000  0.00000  0.00000

  1.16553  0.13596  0.01720  0.02844  0.22404  1.05936  0.00060  0.00157  0.00000  0.19994  0.01014  0.00372
  0.00054  0.00445  0.01180  0.01457  0.00097  0.00051  0.00136  0.00000  0.00000  0.00219  0.00000  0.00000
  0.00045  0.00000  0.00838  0.00420  0.00000  0.00000  0.00000  0.00000  0.00000  0.00132  0.00000  0.00000
  0.00000  0.00050  0.00075  0.00062  0.00000  0.00098  0.00000  0.00000  0.00000  0.00077  0.00000  0.00000
  0.00069  0.00000  0.00183  0.00059  0.00000  0.00000  0.00000  0.00000  0.00000  0.00000  0.00000  0.00000
  0.00000  0.00000  0.00174  0.00000  0.00000  0.00000  0.00038  0.00000  0.00000  0.00000  0.00000  0.00000
  0.00000  0.00000  0.00099  0.00032  0.00000  0.00000  0.00000  0.00000  0.00000  0.00000  0.00000  0.00000
  0.00000  0.00000  0.00071  0.00000  0.00000  0.00000  0.00000  0.00000  0.00000  0.00000  0.00000  0.00000

  0.71908  0.17452  0.00643  0.10926  0.26180  1.10568  0.00067  0.00092  0.00000  0.20735  0.01059  0.00281
  0.00440  0.04312  0.03516  0.00643  0.00000  0.00301  0.00144  0.00000  0.00035  0.00961  0.00181  0.00000
  0.00144  0.01237  0.00516  0.00036  0.00082  0.00033  0.00000  0.00000  0.00000  0.00261  0.00000  0.00038
  0.00085  0.00500  0.00336  0.00000  0.00085  0.00000  0.00000  0.00000  0.00000  0.00097  0.00000  0.00000
  0.00044  0.00250  0.00132  0.00033  0.00000  0.00000  0.00000  0.00000  0.00000  0.00000  0.00000  0.00000
  0.00032  0.00224  0.00120  0.00000  0.00000  0.00000  0.00000  0.00000  0.00000  0.00050  0.00000  0.00000
  0.00000  0.00184  0.00110  0.00000  0.00000  0.00000  0.00000  0.00000  0.00000  0.00055  0.00000  0.00000
  0.00000  0.00077  0.00151  0.00000  0.00000  0.00000  0.00000  0.00000  0.00000  0.00000  0.00000  0.00000

  1.17424  0.22495  0.00043  0.05868  0.21462  1.22293  0.00000  0.00105  0.00042  0.19818  0.00825  0.00053
  0.00126  0.03109  0.00786  0.00644  0.00060  0.00082  0.00000  0.00000  0.00000  0.00072  0.00044  0.00052
  0.00000  0.00322  0.00331  0.00032  0.00101  0.00058  0.00069  0.00000  0.00000  0.01173  0.00000  0.00000
  0.00000  0.00078  0.00285  0.00194  0.00000  0.00000  0.00000  0.00000  0.00000  0.00213  0.00000  0.00000
  0.00032  0.00051  0.00090  0.00000  0.00000  0.00000  0.00000  0.00000  0.00000  0.00000  0.00000  0.00000
  0.00000  0.00078  0.00088  0.00000  0.00000  0.00000  0.00000  0.00000  0.00000  0.00000  0.00000  0.00000
  0.00000  0.00097  0.00049  0.00000  0.00000  0.00000  0.00000  0.00000  0.00000  0.00076  0.00000  0.00000
  0.00000  0.00034  0.00092  0.00000  0.00000  0.00000  0.00000  0.00000  0.00000  0.00033  0.00000  0.00000

  1.37888  0.19676  0.00825  0.00730  0.20541  1.08017  0.00042  0.00104  0.00000  0.14338  0.00497  0.00422
  0.00202  0.00703  0.00328  0.01049  0.00044  0.00158  0.00211  0.00057  0.00072  0.00447  0.00076  0.00044
  0.00147  0.00123  0.00618  0.00099  0.00034  0.00000  0.00000  0.00000  0.00000  0.00102  0.00055  0.00097
  0.00054  0.00109  0.00152  0.00000  0.00000  0.00000  0.00000  0.00000  0.00071  0.00255  0.00000  0.00000
  0.00000  0.00053  0.00046  0.00041  0.00000  0.00000  0.00000  0.00000  0.00000  0.00000  0.00000  0.00000
  0.00000  0.00000  0.00043  0.00054  0.00000  0.00000  0.00000  0.00000  0.00000  0.00000  0.00000  0.00000
  0.00000  0.00000  0.00071  0.00000  0.00000  0.00000  0.00000  0.00000  0.00000  0.00000  0.00000  0.00000
  0.00000  0.00032  0.00000  0.00000  0.00000  0.00000  0.00000  0.00000  0.00000  0.00000  0.00000  0.00000

  1.01036  0.25173  0.11704  0.00211  0.30680  0.68877  0.00000  0.00164  0.00000  0.17566  0.01272  0.00218
  0.01000  0.00644  0.06592  0.01098  0.00000  0.01514  0.00000  0.00000  0.00000  0.00459  0.00035  0.00000
  0.00044  0.00000  0.00253  0.00265  0.00000  0.00547  0.00070  0.00000  0.00000  0.00340  0.00000  0.00056
  0.00000  0.00000  0.00312  0.00104  0.00000  0.00152  0.00064  0.00000  0.00000  0.00047  0.00000  0.00059
  0.00059  0.00080  0.00229  0.00211  0.00000  0.00030  0.00000  0.00000  0.00000  0.00030  0.00000  0.00064
  0.00000  0.00000  0.00166  0.00040  0.00000  0.00050  0.00000  0.00000  0.00000  0.00000  0.00000  0.00000
  0.00030  0.00000  0.00113  0.00068  0.00000  0.00000  0.00000  0.00000  0.00000  0.00000  0.00000  0.00000
  0.00000  0.00000  0.00130  0.00000  0.00000  0.00047  0.00000  0.00000  0.00000  0.00000  0.00000  0.00000

  1.10168  0.22787  0.05728  0.00916  0.13301  0.95836  0.00104  0.00218  0.00065  0.13323  0.00751  0.00527
  0.00271  0.00987  0.00760  0.00951  0.00114  0.00477  0.00060  0.00000  0.00000  0.00379  0.00000  0.00034
  0.00000  0.00159  0.00437  0.00207  0.00000  0.00000  0.00061  0.00000  0.00000  0.00431  0.00000  0.00000
  0.00000  0.00082  0.00208  0.00039  0.00058  0.00000  0.00037  0.00000  0.00000  0.00000  0.00000  0.00000
  0.00104  0.00060  0.00084  0.00000  0.00036  0.00032  0.00000  0.00000  0.00000  0.00056  0.00000  0.00000
  0.00000  0.00053  0.00034  0.00000  0.00031  0.00000  0.00000  0.00000  0.00000  0.00066  0.00000  0.00000
  0.00000  0.00000  0.00038  0.00034  0.00000  0.00038  0.00000  0.00000  0.00000  0.00000  0.00000  0.00000
  0.00000  0.00000  0.00034  0.00000  0.00000  0.00000  0.00000  0.00000  0.00000  0.00052  0.00000  0.00000

  1.37456  0.18062  0.10305  0.00800  0.21648  0.62113  0.00751  0.00276  0.00218  0.18580  0.01467  0.01143
  0.01834  0.00226  0.01274  0.01021  0.00111  0.02322  0.00050  0.00000  0.00112  0.00146  0.00000  0.00045
  0.00222  0.00044  0.00000  0.00343  0.00080  0.00611  0.00000  0.00000  0.00000  0.00102  0.00000  0.00000
  0.00000  0.00000  0.00083  0.00037  0.00000  0.00246  0.00000  0.00000  0.00000  0.00059  0.00000  0.00037
  0.00000  0.00000  0.00000  0.00053  0.00000  0.00288  0.00000  0.00000  0.00000  0.00032  0.00000  0.00000
  0.00277  0.00000  0.00083  0.00046  0.00000  0.00137  0.00000  0.00000  0.00000  0.00000  0.00000  0.00000
  0.00112  0.00000  0.00073  0.00000  0.00000  0.00060  0.00000  0.00000  0.00039  0.00000  0.00000  0.00000
  0.00075  0.00000  0.00064  0.00000  0.00000  0.00101  0.00000  0.00000  0.00000  0.00000  0.00000  0.00000

  1.46061  0.18233  0.15919  0.01618  0.24352  0.74355  0.00320  0.00372  0.00961  0.09873  0.00929  0.00900
  0.00896  0.00250  0.01913  0.01357  0.00057  0.00778  0.00067  0.00000  0.00000  0.00458  0.00067  0.00000
  0.00232  0.00036  0.00898  0.00407  0.00000  0.00805  0.00045  0.00000  0.00000  0.00000  0.00000  0.00000
  0.00069  0.00000  0.00221  0.00055  0.00000  0.00147  0.00034  0.00000  0.00000  0.00000  0.00000  0.00000
  0.00000  0.00000  0.00041  0.00160  0.00000  0.00069  0.00030  0.00000  0.00000  0.00000  0.00000  0.00000
  0.00058  0.00000  0.00031  0.00064  0.00000  0.00140  0.00000  0.00000  0.00000  0.00000  0.00000  0.00000
  0.00000  0.00000  0.00072  0.00032  0.00000  0.00060  0.00000  0.00000  0.00000  0.00000  0.00000  0.00000
  0.00044  0.00000  0.00056  0.00120  0.00000  0.00061  0.00000  0.00000  0.00000  0.00000  0.00000  0.00000

  0.69873  0.02623  0.00993  0.04428  0.27636  1.04281  0.00754  0.00177  0.00000  0.23760  0.01150  0.00826
  0.00151  0.02301  0.04770  0.01246  0.00031  0.00473  0.00032  0.00000  0.00000  0.00852  0.00000  0.00000
  0.00049  0.00606  0.01170  0.00826  0.00000  0.00000  0.00000  0.00000  0.00037  0.00242  0.00000  0.00094
  0.00031  0.00235  0.00310  0.00505  0.00000  0.00000  0.00041  0.00000  0.00000  0.00059  0.00000  0.00055
  0.00000  0.00283  0.00120  0.00111  0.00000  0.00000  0.00034  0.00000  0.00000  0.00041  0.00000  0.00000
  0.00000  0.00111  0.00144  0.00074  0.00000  0.00000  0.00031  0.00000  0.00000  0.00000  0.00000  0.00000
  0.00000  0.00089  0.00086  0.00000  0.00000  0.00000  0.00000  0.00000  0.00000  0.00000  0.00034  0.00000
  0.00000  0.00064  0.00265  0.00000  0.00000  0.00000  0.00000  0.00000  0.00000  0.00000  0.00000  0.00000

  0.79271  0.12297  0.16751  0.00099  0.43116  0.58621  0.00133  0.00147  0.00000  0.13736  0.00637  0.00264
  0.03220  0.01096  0.06775  0.02238  0.00128  0.03219  0.00479  0.00138  0.00180  0.01367  0.00105  0.00354
  0.01556  0.00213  0.00246  0.00341  0.00000  0.01071  0.00000  0.00035  0.00000  0.00073  0.00038  0.00000
  0.00746  0.00033  0.00188  0.00235  0.00000  0.00342  0.00044  0.00032  0.00066  0.00050  0.00000  0.00106
  0.00235  0.00000  0.00073  0.00293  0.00000  0.00118  0.00000  0.00000  0.00000  0.00000  0.00000  0.00000
  0.00136  0.00000  0.00066  0.00078  0.00000  0.00223  0.00000  0.00000  0.00000  0.00000  0.00000  0.00000
  0.00342  0.00071  0.00173  0.00092  0.00000  0.00154  0.00000  0.00000  0.00000  0.00000  0.00000  0.00000
  0.00201  0.00036  0.00139  0.00095  0.00000  0.00049  0.00000  0.00000  0.00000  0.00000  0.00000  0.00000

  0.51127  0.30729  0.00378  0.02877  0.35789  0.74754  0.00978  0.00215  0.00469  0.17393  0.00825  0.01075
  0.00711  0.01780  0.02754  0.00512  0.00366  0.01152  0.00000  0.00000  0.00000  0.00000  0.00000  0.00051
  0.00042  0.00261  0.00774  0.00327  0.00000  0.00068  0.00000  0.00000  0.00000  0.00110  0.00000  0.00000
  0.00048  0.00195  0.00338  0.00030  0.00000  0.00089  0.00000  0.00000  0.00000  0.00034  0.00000  0.00000
  0.00000  0.00073  0.00264  0.00000  0.00000  0.00059  0.00039  0.00000  0.00000  0.00034  0.00000  0.00000
  0.00000  0.00047  0.00139  0.00034  0.00000  0.00039  0.00000  0.00000  0.00000  0.00000  0.00000  0.00000
  0.00000  0.00000  0.00114  0.00000  0.00000  0.00061  0.00000  0.00000  0.00000  0.00066  0.00000  0.00000
  0.00000  0.00000  0.00174  0.00000  0.00000  0.00000  0.00000  0.00000  0.00000  0.00000  0.00000  0.00000

  0.47761  0.06138  0.00475  0.06871  0.35785  1.31345  0.00060  0.00276  0.00445  0.16410  0.00994  0.00257
  0.00727  0.02096  0.03190  0.01930  0.00086  0.01820  0.00103  0.00000  0.00000  0.00354  0.00049  0.00037
  0.00283  0.00325  0.01107  0.00086  0.00190  0.00049  0.00049  0.00000  0.00000  0.00848  0.00000  0.00000
  0.00095  0.00033  0.01247  0.00110  0.00000  0.00357  0.00000  0.00000  0.00000  0.00198  0.00000  0.00000
  0.00051  0.00000  0.00619  0.00380  0.00000  0.00117  0.00000  0.00000  0.00000  0.00000  0.00000  0.00000
  0.00000  0.00000  0.00415  0.00040  0.00000  0.00000  0.00000  0.00000  0.00000  0.00000  0.00000  0.00000
  0.00000  0.00034  0.00200  0.00058  0.00000  0.00000  0.00000  0.00000  0.00000  0.00000  0.00000  0.00000
  0.00038  0.00000  0.00245  0.00030  0.00000  0.00000  0.00000  0.00000  0.00000  0.00000  0.00000  0.00000

  0.96469  0.05048  0.21343  0.00081  0.32727  0.61012  0.00166  0.00196  0.00060  0.13741  0.00897  0.00276
  0.05120  0.01049  0.11118  0.06683  0.00158  0.02732  0.00309  0.00045  0.00125  0.00706  0.00093  0.00276
  0.00763  0.00000  0.00787  0.01825  0.00097  0.00787  0.00000  0.00037  0.00000  0.00000  0.00038  0.00068
  0.00410  0.00039  0.00180  0.00273  0.00196  0.00325  0.00000  0.00000  0.00000  0.00000  0.00000  0.00000
  0.00453  0.00059  0.00150  0.00365  0.00000  0.00375  0.00000  0.00000  0.00030  0.00000  0.00000  0.00041
  0.00354  0.00000  0.00105  0.00088  0.00000  0.00162  0.00087  0.00000  0.00032  0.00000  0.00032  0.00000
  0.00200  0.00000  0.00142  0.00145  0.00000  0.00094  0.00031  0.00000  0.00000  0.00000  0.00000  0.00000
  0.00122  0.00000  0.00036  0.00096  0.00000  0.00086  0.00000  0.00000  0.00000  0.00000  0.00000  0.00000

  0.68327  0.13478  0.10517  0.01055  0.38739  0.69266  0.00367  0.00000  0.00000  0.08221  0.00274  0.00400
  0.01641  0.00479  0.06013  0.00510  0.00097  0.01090  0.00000  0.00000  0.00032  0.00407  0.00000  0.00036
  0.00689  0.00000  0.00695  0.00948  0.00000  0.00221  0.00000  0.00000  0.00000  0.00436  0.00000  0.00000
  0.00079  0.00000  0.00473  0.00452  0.00000  0.00227  0.00000  0.00000  0.00036  0.00000  0.00000  0.00000
  0.00067  0.00000  0.00371  0.00118  0.00000  0.00129  0.00000  0.00000  0.00000  0.00105  0.00000  0.00000
  0.00000  0.00000  0.00280  0.00129  0.00000  0.00118  0.00000  0.00000  0.00000  0.00000  0.00000  0.00000
  0.00000  0.00000  0.00099  0.00104  0.00000  0.00060  0.00000  0.00000  0.00000  0.00000  0.00000  0.00000
  0.00036  0.00000  0.00169  0.00113  0.00000  0.00056  0.00000  0.00000  0.00000  0.00000  0.00000  0.00000

