 -0.01611  0.01611 -0.04028 -0.04028  0.00000 -0.07251 -0.05640 -0.00806  0.01611  0.10474  0.11279  0.07251
 -0.01611  0.01611 -0.04028 -0.03223  0.00806 -0.06445 -0.08057 -0.02417  0.00000  0.10474  0.11279  0.06445
 -0.01611  0.01611 -0.04028 -0.04834  0.00000 -0.06445 -0.10474 -0.02417 -0.00806  0.08862  0.09668  0.08057
  0.00000  0.00000 -0.04834 -0.03223 -0.00806 -0.07251 -0.15308 -0.03223 -0.01611  0.06445  0.08057  0.04834
  0.00000  0.02417 -0.04028 -0.01611 -0.00806 -0.08057 -0.14502 -0.04028 -0.02417  0.04834  0.08057  0.04834
  0.00000  0.02417 -0.04834 -0.00806 -0.00806 -0.08057 -0.12085 -0.07251 -0.01611  0.04834  0.08057  0.04028
 -0.00806  0.00806 -0.04834 -0.00806  0.00000 -0.07251 -0.12891 -0.09668 -0.00806  0.03223  0.06445  0.06445
  0.00000  0.01611 -0.04834  0.00806  0.00806 -0.06445 -0.13696 -0.11279  0.00000  0.03223  0.06445  0.07251
  0.00806  0.00806 -0.04834  0.00806 -0.00806 -0.06445 -0.12891 -0.10474  0.00806  0.04028  0.04834  0.07251
  0.00806  0.00806 -0.04834  0.00806  0.00000 -0.07251 -0.11279 -0.11279  0.00000  0.04028  0.04028  0.07251
  0.01611  0.03223 -0.03223  0.01611  0.00806 -0.05640 -0.10474 -0.10474  0.02417  0.05640  0.02417  0.06445
 -0.00806  0.00806 -0.04028  0.01611 -0.01611 -0.06445 -0.10474 -0.12085  0.01611  0.04028  0.04028  0.06445
  0.00000  0.01611 -0.04834  0.00000  0.00000 -0.06445 -0.09668 -0.10474  0.02417  0.05640  0.04834  0.05640
  0.00000  0.01611 -0.04028 -0.00806  0.00000 -0.06445 -0.09668 -0.11279  0.01611  0.06445  0.04834  0.05640
  0.00806  0.01611 -0.04028 -0.00806  0.00000 -0.05640 -0.08862 -0.11279  0.00000  0.08057  0.04028  0.04028
  0.00806  0.00806 -0.04028 -0.00806  0.00000 -0.06445 -0.06445 -0.11279  0.00000  0.08057  0.06445  0.01611
  0.00000  0.03223 -0.03223  0.00000  0.00000 -0.06445 -0.00806 -0.13696  0.01611 -0.01611  0.08862  0.04834
  0.01611  0.04028 -0.03223  0.00806  0.01611 -0.05640  0.09668 -0.20947  0.08862 -0.27393  0.04834  0.05640
  0.00000  0.02417 -0.04834  0.00000  0.00806 -0.06445  0.11279 -0.23364  0.08057 -0.28198  0.06445  0.02417
  0.00806  0.02417 -0.04834  0.00806  0.00806 -0.06445  0.16113 -0.16113  0.03223 -0.15308  0.06445  0.08057
  0.01611  0.01611 -0.04834  0.01611  0.00806 -0.07251  0.03223  0.09668 -0.15308  0.04834  0.04028  0.07251
 -0.05640  0.06445 -0.12085 -0.07251 -0.00806 -0.14502 -0.39478  1.10376 -0.20947  1.35352  0.41089 -0.15308
  0.02417 -0.00806  0.00000 -0.05640 -0.01611 -0.04834  0.00000 -0.21753  0.07251 -0.37866  0.23364  0.24976
 -0.02417  0.03223  0.00806 -0.02417  0.03223  0.00806 -0.24170 -0.03223 -0.08057  0.26587 -0.05640 -0.05640

  0.04834  0.03223 -0.04834 -0.05640  0.00806 -0.04028 -0.08057 -0.03223 -0.02417  0.14502  0.08862  0.07251
  0.06445  0.04028 -0.03223 -0.05640  0.00000 -0.04834 -0.12085 -0.03223 -0.04028  0.10474  0.08057  0.06445
  0.04834  0.04834 -0.02417 -0.04028  0.00000 -0.04028 -0.20142 -0.03223 -0.07251  0.08057  0.09668  0.04834
  0.02417  0.03223 -0.04028 -0.05640  0.00806 -0.04834 -0.18530 -0.04028 -0.06445  0.04028  0.09668  0.04834
  0.02417  0.04028 -0.03223 -0.05640  0.01611 -0.04834 -0.19336 -0.04834 -0.05640  0.03223  0.09668  0.03223
  0.00806  0.01611 -0.04834 -0.10474 -0.02417 -0.05640 -0.16919 -0.06445 -0.04028  0.01611  0.09668  0.03223
  0.00806  0.01611 -0.04028 -0.10474 -0.01611 -0.07251 -0.15308 -0.09668 -0.02417  0.00806  0.07251  0.04834
  0.00000  0.02417 -0.02417 -0.10474 -0.01611 -0.04834 -0.13696 -0.11279 -0.00806  0.02417  0.07251  0.05640
 -0.00806  0.01611 -0.02417 -0.11279 -0.01611 -0.03223 -0.14502 -0.11279  0.00000  0.04028  0.07251  0.07251
  0.00806  0.01611 -0.03223 -0.11279 -0.00806 -0.04028 -0.13696 -0.13696  0.01611  0.04028  0.04834  0.08057
  0.00806  0.01611 -0.03223 -0.08862 -0.00806 -0.03223 -0.12891 -0.16919  0.00806  0.01611  0.02417  0.07251
  0.00806  0.01611 -0.04028 -0.06445  0.00000 -0.05640 -0.13696 -0.16919  0.00806  0.00000  0.02417  0.06445
  0.02417  0.03223 -0.03223 -0.04028  0.00000 -0.04028 -0.11279 -0.19336 -0.00806 -0.02417  0.01611  0.05640
  0.02417  0.02417 -0.02417 -0.03223 -0.00806 -0.05640 -0.11279 -0.17725  0.00000 -0.02417  0.02417  0.05640
  0.02417  0.03223 -0.02417 -0.04028 -0.00806 -0.04028 -0.09668 -0.18530 -0.00806 -0.03223  0.04028  0.04028
  0.01611  0.02417 -0.03223 -0.05640  0.00806 -0.03223 -0.06445 -0.20142  0.00000 -0.05640  0.05640  0.04028
  0.01611  0.02417 -0.03223 -0.07251  0.00806 -0.03223 -0.03223 -0.20947  0.00806 -0.09668  0.05640  0.04028
  0.00806  0.04028 -0.02417 -0.07251  0.00806 -0.04028 -0.03223 -0.20947  0.01611 -0.12085  0.04028  0.04834
  0.02417  0.03223 -0.02417 -0.07251  0.00000 -0.04834  0.03223 -0.20142  0.01611 -0.15308  0.05640  0.08057
  0.00806  0.02417 -0.02417 -0.07251  0.00806 -0.04834  0.08057 -0.15308  0.01611 -0.18530  0.04834  0.07251
  0.00806  0.00806 -0.03223 -0.08057  0.00000 -0.04834  0.08862 -0.05640 -0.04028 -0.07251  0.04834  0.06445
  0.00000  0.00806 -0.02417 -0.07251 -0.02417 -0.12891 -1.70801  0.66870 -1.14404  0.94263  0.07251 -0.12085
 -0.08057  0.08057 -0.12891 -0.19336 -0.00806 -0.11279  0.49951  0.94263  0.60425  1.60327  0.66870 -0.03223
  0.02417  0.04028  0.00806 -0.17725  0.00806  0.00000 -0.22559 -0.13696  0.18530 -0.16919  0.50757  0.40283

  0.01611  0.02417 -0.03223 -0.08862  0.00806 -0.04028 -0.01611  0.04028 -0.04834  0.20947  0.09668  0.02417
  0.04028  0.04834 -0.04834 -0.07251  0.02417 -0.04028 -0.01611  0.04834  0.00806  0.24170  0.08862  0.02417
  0.07251  0.04834 -0.04028 -0.07251  0.01611 -0.04028 -0.01611  0.01611  0.02417  0.20947  0.08862  0.06445
  0.06445  0.04834 -0.03223 -0.02417  0.00806 -0.06445 -0.09668 -0.03223 -0.02417  0.12891  0.10474  0.07251
  0.01611  0.03223 -0.04834 -0.00806  0.00806 -0.05640 -0.15308 -0.03223 -0.04834  0.05640  0.12891  0.06445
  0.04028  0.04028 -0.04834 -0.04834 -0.00806 -0.06445 -0.20142 -0.04028 -0.08057  0.02417  0.10474  0.02417
  0.04834  0.04028 -0.04834 -0.05640  0.00000 -0.07251 -0.20947 -0.05640 -0.03223  0.01611  0.08862 -0.01611
  0.02417  0.02417 -0.04028 -0.04834 -0.01611 -0.05640 -0.17725 -0.09668 -0.03223  0.03223  0.07251  0.03223
  0.00000  0.00806 -0.03223 -0.08862 -0.01611 -0.04028 -0.20142 -0.12891  0.00000  0.03223  0.07251  0.06445
  0.00000  0.01611 -0.02417 -0.13696 -0.03223 -0.04028 -0.17725 -0.15308  0.00806  0.02417  0.03223  0.05640
 -0.02417  0.00806 -0.02417 -0.13696 -0.01611 -0.03223 -0.16919 -0.16113  0.02417  0.00000  0.02417  0.08057
 -0.04028  0.00000 -0.02417 -0.16113 -0.01611 -0.03223 -0.14502 -0.18530  0.03223 -0.03223  0.01611  0.08057
 -0.02417  0.01611 -0.02417 -0.15308 -0.01611 -0.03223 -0.13696 -0.19336  0.02417 -0.04028  0.02417  0.06445
 -0.02417  0.02417 -0.02417 -0.12085  0.00000 -0.04028 -0.12085 -0.20142  0.01611 -0.04028  0.03223  0.04834
 -0.01611  0.02417 -0.02417 -0.11279 -0.00806 -0.04028 -0.11279 -0.20947  0.01611 -0.04028  0.04028  0.03223
 -0.00806  0.02417 -0.03223 -0.07251  0.00806 -0.04028 -0.09668 -0.21753  0.00806 -0.05640  0.05640  0.03223
 -0.01611  0.00806 -0.04028 -0.07251  0.00000 -0.04834 -0.06445 -0.24170  0.00806 -0.09668  0.06445  0.04028
  0.00806  0.02417 -0.03223 -0.06445  0.00000 -0.05640  0.00000 -0.21753  0.03223 -0.16919  0.05640  0.06445
  0.03223  0.04028 -0.02417 -0.04028  0.01611 -0.04028  0.05640 -0.20947  0.04028 -0.21753  0.08057  0.08057
  0.02417  0.02417 -0.04028 -0.04028  0.00806 -0.05640  0.09668 -0.13696  0.00806 -0.20142  0.08862  0.09668
  0.01611  0.04028 -0.03223 -0.02417 -0.00806 -0.06445  0.13696 -0.05640 -0.02417 -0.13696  0.08057  0.08862
  0.02417  0.01611 -0.04834 -0.04028  0.00806 -0.08862 -0.89429  0.24170 -0.63647  0.47534  0.09668  0.07251
 -0.11279  0.10474 -0.15308 -0.21753  0.02417 -0.08862  0.53174  0.65259  0.87817  1.69995  0.91846  0.12891
 -0.03223  0.05640  0.00806 -0.21753  0.04028  0.03223  0.70093 -0.45923  0.72510  0.13696  0.69287  0.44312

  0.04028  0.03223 -0.02417 -0.06445  0.00000 -0.04028 -0.08862 -0.01611 -0.04028  0.13696  0.09668  0.06445
  0.01611  0.02417 -0.04028 -0.08057 -0.01611 -0.04028 -0.17725 -0.03223 -0.08862  0.06445  0.09668  0.04028
  0.00806  0.03223 -0.03223 -0.11279 -0.00806 -0.04028 -0.22559 -0.03223 -0.11279  0.05640  0.10474  0.02417
 -0.00806  0.03223 -0.02417 -0.13696  0.00000 -0.03223 -0.20947 -0.04028 -0.06445  0.02417  0.10474  0.00000
 -0.01611  0.01611 -0.03223 -0.12891 -0.00806 -0.03223 -0.16919 -0.08057 -0.04028  0.00806  0.09668  0.03223
 -0.02417  0.00000 -0.04834 -0.14502 -0.00806 -0.04834 -0.17725 -0.13696 -0.00806  0.01611  0.06445  0.04834
 -0.01611  0.00806 -0.03223 -0.13696  0.00000 -0.02417 -0.14502 -0.12891  0.00806  0.03223  0.07251  0.07251
 -0.01611  0.01611 -0.03223 -0.11279 -0.00806 -0.04028 -0.14502 -0.15308  0.02417  0.01611  0.04834  0.07251
  0.00806  0.02417 -0.03223 -0.10474 -0.01611 -0.04834 -0.14502 -0.17725  0.03223  0.00000  0.03223  0.06445
  0.00806  0.03223 -0.03223 -0.05640  0.00000 -0.05640 -0.11279 -0.19336  0.02417 -0.02417  0.02417  0.05640
  0.02417  0.01611 -0.04028 -0.05640 -0.00806 -0.05640 -0.12085 -0.19336  0.02417 -0.02417  0.03223  0.05640
  0.01611  0.02417 -0.04028 -0.04028 -0.00806 -0.05640 -0.12085 -0.20142  0.01611 -0.03223  0.02417  0.05640
  0.02417  0.01611 -0.04028 -0.02417 -0.00806 -0.05640 -0.11279 -0.19336  0.00806 -0.02417  0.02417  0.05640
  0.02417  0.00000 -0.04028 -0.05640 -0.00806 -0.04834 -0.11279 -0.18530  0.00806 -0.01611  0.01611  0.04834
  0.01611  0.02417 -0.04028 -0.04834  0.00000 -0.05640 -0.09668 -0.15308  0.00806  0.00806  0.04028  0.04834
  0.01611  0.02417 -0.04028 -0.04834 -0.00806 -0.05640 -0.09668 -0.15308 -0.00806  0.01611  0.05640  0.05640
  0.01611  0.03223 -0.04028 -0.05640  0.00000 -0.04834 -0.06445 -0.16113  0.00000  0.00000  0.08057  0.04834
  0.02417  0.02417 -0.04028 -0.05640  0.01611 -0.03223 -0.03223 -0.18530  0.00000 -0.04028  0.06445  0.05640
  0.02417  0.03223 -0.04028 -0.04834  0.02417 -0.04028  0.05640 -0.22559  0.03223 -0.16919  0.04834  0.08057
  0.04834  0.04834 -0.03223 -0.04028  0.02417 -0.04028  0.12891 -0.20142  0.05640 -0.22559  0.05640  0.08057
  0.03223  0.03223 -0.03223 -0.05640  0.01611 -0.06445  0.14502 -0.15308  0.03223 -0.21753  0.04028  0.06445
  0.01611  0.00806 -0.01611 -0.06445  0.00806 -0.02417 -0.64453 -0.21753 -0.57202  0.08862  0.01611  0.05640
 -0.09668  0.08057 -0.12891 -0.17725 -0.00806 -0.12085  0.49951  1.17627  0.78955  1.69995  0.62036 -0.14502
  0.03223  0.02417  0.00806 -0.17725  0.00806 -0.01611 -0.17725 -0.09668  0.12085 -0.05640  0.61230  0.35449

  0.03223  0.04028 -0.04028 -0.12085  0.00000 -0.03223 -0.02417 -0.01611 -0.03223  0.24170  0.09668  0.06445
  0.04028  0.03223 -0.03223 -0.08862  0.01611 -0.04834 -0.12891 -0.01611 -0.04834  0.15308  0.10474  0.07251
  0.04028  0.03223 -0.05640 -0.03223 -0.00806 -0.06445 -0.20142  0.00806 -0.08057  0.08862  0.12085  0.04834
  0.00806  0.02417 -0.05640 -0.04028  0.00806 -0.05640 -0.16919 -0.04028 -0.02417  0.01611  0.12891  0.01611
  0.02417  0.04028 -0.04028 -0.06445 -0.00806 -0.06445 -0.16919 -0.08057 -0.04028  0.01611  0.08862  0.01611
  0.02417  0.03223 -0.02417 -0.05640 -0.01611 -0.04834 -0.17725 -0.12085 -0.02417  0.03223  0.06445  0.02417
  0.00806  0.00806 -0.04028 -0.08862 -0.01611 -0.04028 -0.16919 -0.14502 -0.00806  0.01611  0.03223  0.04028
 -0.00806  0.00806 -0.02417 -0.12085 -0.00806 -0.02417 -0.16113 -0.17725  0.00806  0.03223  0.01611  0.06445
 -0.00806  0.00000 -0.03223 -0.13696 -0.02417 -0.04028 -0.14502 -0.16919  0.02417  0.02417  0.00806  0.07251
 -0.01611 -0.00806 -0.03223 -0.14502 -0.02417 -0.04028 -0.13696 -0.19336  0.02417  0.00000  0.00000  0.08057
 -0.01611  0.01611 -0.01611 -0.12085 -0.00806 -0.02417 -0.12085 -0.19336  0.03223 -0.01611 -0.00806  0.06445
 -0.02417  0.01611 -0.02417 -0.12891 -0.00806 -0.02417 -0.12891 -0.20947  0.01611 -0.03223  0.02417  0.07251
 -0.02417  0.01611 -0.02417 -0.12085 -0.00806 -0.04028 -0.12085 -0.20142  0.00000 -0.02417  0.04834  0.04834
 -0.02417  0.02417 -0.03223 -0.12085 -0.01611 -0.04834 -0.11279 -0.18530 -0.01611 -0.00806  0.05640  0.03223
  0.00000  0.02417 -0.03223 -0.09668 -0.00806 -0.04834 -0.11279 -0.17725 -0.01611 -0.01611  0.05640  0.02417
 -0.01611  0.02417 -0.03223 -0.08862  0.00000 -0.04028 -0.09668 -0.16113 -0.02417  0.00000  0.05640  0.01611
  0.00000  0.02417 -0.03223 -0.08057 -0.00806 -0.04834 -0.08862 -0.15308 -0.00806  0.02417  0.07251  0.01611
  0.00000  0.02417 -0.03223 -0.07251  0.00000 -0.04834 -0.02417 -0.18530  0.02417 -0.06445  0.07251  0.05640
  0.00000  0.02417 -0.02417 -0.06445  0.00806 -0.05640  0.00806 -0.20947  0.02417 -0.12085  0.07251  0.08862
  0.00806  0.02417 -0.02417 -0.04028  0.01611 -0.04834  0.12085 -0.24976  0.08057 -0.29004  0.06445  0.09668
  0.01611  0.01611 -0.03223 -0.04834  0.00000 -0.03223  0.16919 -0.13696  0.04028 -0.29004  0.05640  0.08057
 -0.01611  0.00000 -0.04028 -0.04834 -0.04028 -0.16113 -1.24878  1.16016 -1.35352  1.35352  0.12891  0.03223
 -0.11279  0.11279 -0.12891 -0.27393  0.03223 -0.04834  0.51562  0.24976  1.03125  1.40991  1.04736  0.29004
  0.01611 -0.01611  0.03223 -0.18530 -0.04028  0.05640 -0.20947 -0.29810 -0.22559 -0.13696 -0.24976 -0.29004

  0.04834  0.02417 -0.04834 -0.07251  0.01611 -0.07251 -0.02417  0.01611 -0.05640  0.23364  0.07251  0.02417
  0.04834  0.02417 -0.03223 -0.04834 -0.00806 -0.04834 -0.01611  0.01611 -0.02417  0.21753  0.07251  0.02417
  0.03223  0.03223 -0.04834 -0.08057  0.00000 -0.04834 -0.05640 -0.03223 -0.07251  0.17725  0.08057  0.04834
  0.04834  0.02417 -0.04028 -0.06445  0.00000 -0.04834 -0.16919 -0.03223 -0.08862  0.10474  0.08862  0.06445
  0.03223  0.04028 -0.02417 -0.04028 -0.00806 -0.05640 -0.20142 -0.01611 -0.07251  0.08057  0.09668  0.04028
  0.00806  0.03223 -0.03223 -0.05640 -0.00806 -0.07251 -0.13696 -0.02417 -0.00806  0.02417  0.11279  0.03223
  0.00000  0.02417 -0.03223 -0.11279  0.00000 -0.04028 -0.12891 -0.06445  0.01611  0.04028  0.09668  0.03223
  0.00000  0.01611 -0.03223 -0.13696 -0.01611 -0.03223 -0.12085 -0.08862  0.03223  0.04834  0.07251  0.03223
 -0.01611  0.01611 -0.03223 -0.12891 -0.01611 -0.04028 -0.12085 -0.09668  0.04028  0.04028  0.04834  0.04028
 -0.02417  0.00806 -0.02417 -0.14502 -0.01611 -0.03223 -0.12085 -0.12085  0.02417  0.04028  0.04028  0.04834
  0.00000  0.02417 -0.01611 -0.12891 -0.01611 -0.01611 -0.11279 -0.13696  0.01611  0.03223  0.04028  0.06445
 -0.01611  0.01611 -0.00806 -0.12891 -0.00806 -0.03223 -0.12085 -0.14502  0.00000  0.00806  0.03223  0.05640
 -0.00806  0.01611 -0.01611 -0.09668 -0.00806 -0.04834 -0.12891 -0.16113  0.00806 -0.01611  0.03223  0.05640
  0.00000  0.02417 -0.02417 -0.08057  0.00000 -0.03223 -0.10474 -0.16919  0.00000 -0.02417  0.04028  0.05640
  0.00806  0.02417 -0.04028 -0.07251  0.00806 -0.04834 -0.09668 -0.18530  0.00806 -0.00806  0.03223  0.04028
  0.01611  0.03223 -0.02417 -0.05640  0.00000 -0.03223 -0.05640 -0.20142  0.01611 -0.03223  0.05640  0.03223
  0.00806  0.03223 -0.02417 -0.05640  0.01611 -0.04028 -0.01611 -0.22559  0.04028 -0.08862  0.03223  0.03223
  0.01611  0.04028 -0.02417 -0.08057 -0.00806 -0.04834  0.02417 -0.24976  0.04028 -0.15308  0.03223  0.05640
  0.01611  0.02417 -0.02417 -0.05640  0.00806 -0.04834  0.10474 -0.27393  0.06445 -0.26587  0.04834  0.10474
  0.03223  0.03223 -0.01611 -0.04028  0.00806 -0.04834  0.15308 -0.17725  0.01611 -0.27393  0.03223  0.06445
  0.02417  0.02417 -0.01611 -0.06445  0.00000 -0.02417 -0.00806 -0.00806 -0.41895  0.05640  0.04834  0.04834
 -0.00806  0.01611 -0.00806 -0.06445 -0.01611 -0.12891 -1.76440  0.41895 -1.14404  0.99097  0.06445  0.04028
 -0.12085  0.11279 -0.07251 -0.30615  0.04834 -0.02417  1.05542 -0.15308  1.22461  0.82983  0.97485  0.33838
  0.00806 -0.03223  0.01611 -0.20142 -0.04028  0.03223 -0.26587 -0.24170 -0.28198 -0.24170 -0.04028 -0.17725

  0.03223  0.03223 -0.04028 -0.06445  0.00000 -0.05640 -0.07251 -0.01611 -0.01611  0.12085  0.08057  0.06445
  0.01611  0.02417 -0.03223 -0.04028 -0.00806 -0.06445 -0.08862 -0.04028 -0.04028  0.09668  0.09668  0.05640
  0.01611  0.03223 -0.03223 -0.04834  0.00000 -0.04834 -0.14502 -0.03223 -0.06445  0.05640  0.11279  0.04834
  0.03223  0.04028 -0.03223 -0.08057  0.00806 -0.03223 -0.16113 -0.02417 -0.06445  0.05640  0.10474  0.04028
  0.00000  0.02417 -0.04028 -0.11279 -0.00806 -0.05640 -0.15308 -0.04834 -0.03223  0.04028  0.10474  0.01611
  0.00000  0.02417 -0.04834 -0.11279  0.00000 -0.06445 -0.14502 -0.06445 -0.01611  0.04834  0.09668  0.02417
  0.00000  0.01611 -0.04028 -0.12085 -0.01611 -0.04028 -0.13696 -0.08862  0.00806  0.05640  0.07251  0.05640
 -0.01611  0.00806 -0.03223 -0.12891 -0.01611 -0.04028 -0.13696 -0.12085  0.00806  0.04028  0.05640  0.05640
 -0.01611  0.00806 -0.03223 -0.13696 -0.01611 -0.03223 -0.12085 -0.12085  0.01611  0.04028  0.04028  0.08057
 -0.01611  0.00000 -0.02417 -0.12891 -0.00806 -0.03223 -0.12891 -0.13696  0.00806  0.01611  0.03223  0.07251
  0.00000  0.01611 -0.03223 -0.10474  0.00000 -0.04028 -0.12085 -0.12085  0.01611  0.03223  0.04028  0.06445
  0.00806  0.02417 -0.03223 -0.08862 -0.00806 -0.04028 -0.12891 -0.13696 -0.00806  0.01611  0.04028  0.04834
  0.01611  0.02417 -0.03223 -0.08057 -0.00806 -0.05640 -0.13696 -0.15308 -0.02417  0.03223  0.04028  0.04834
  0.00806  0.02417 -0.04028 -0.06445  0.00806 -0.04834 -0.12891 -0.15308 -0.02417  0.03223  0.03223  0.04028
  0.02417  0.03223 -0.02417 -0.04028  0.00806 -0.03223 -0.11279 -0.12891 -0.02417  0.04834  0.04028  0.05640
  0.00806  0.01611 -0.03223 -0.05640  0.00000 -0.04028 -0.10474 -0.12891 -0.02417  0.05640  0.03223  0.02417
  0.01611  0.02417 -0.04028 -0.04834  0.00000 -0.05640 -0.06445 -0.13696 -0.00806  0.05640  0.04028  0.04028
  0.01611  0.03223 -0.03223 -0.03223  0.01611 -0.04834  0.00806 -0.18530  0.03223 -0.04028  0.04834  0.05640
  0.02417  0.02417 -0.03223 -0.03223  0.00806 -0.04028  0.11279 -0.29810  0.09668 -0.33032  0.03223  0.08862
  0.03223  0.02417 -0.02417 -0.01611  0.01611 -0.02417  0.14502 -0.31421  0.09668 -0.33838  0.03223  0.04834
  0.02417  0.01611 -0.02417 -0.02417  0.00806 -0.01611  0.18530 -0.14502  0.02417 -0.21753  0.06445  0.06445
  0.02417  0.00806 -0.02417 -0.04834 -0.01611 -0.08057 -0.88623  0.18530 -0.63647  0.44312  0.07251  0.05640
 -0.06445  0.03223 -0.11279 -0.09668 -0.05640 -0.20142 -0.93457  2.14307 -1.12793  1.98999  0.33032 -0.24170
 -0.01611  0.07251  0.02417 -0.20142  0.05640 -0.02417  0.77344 -0.48340  0.73315  0.00000  0.65259  0.48340

  0.03223  0.02417 -0.04834 -0.10474 -0.01611 -0.06445 -0.17725 -0.05640 -0.05640  0.07251  0.08862  0.07251
  0.04028  0.03223 -0.05640 -0.12085 -0.03223 -0.05640 -0.17725 -0.04834 -0.03223  0.05640  0.09668  0.05640
  0.01611  0.02417 -0.05640 -0.11279 -0.01611 -0.05640 -0.16919 -0.06445 -0.04028  0.01611  0.08862  0.07251
  0.01611  0.01611 -0.04028 -0.11279  0.00000 -0.04834 -0.17725 -0.08057 -0.04028  0.02417  0.06445  0.06445
  0.01611  0.01611 -0.04028 -0.12085 -0.01611 -0.04834 -0.16919 -0.08057 -0.04028  0.03223  0.06445  0.06445
  0.00806  0.00806 -0.04834 -0.09668 -0.01611 -0.05640 -0.14502 -0.09668 -0.03223  0.04028  0.04834  0.07251
  0.02417  0.00806 -0.05640 -0.08057 -0.01611 -0.04028 -0.14502 -0.13696 -0.04028  0.05640  0.03223  0.08057
  0.02417  0.00806 -0.04834 -0.08057 -0.00806 -0.03223 -0.12891 -0.12891 -0.02417  0.05640  0.03223  0.08862
  0.02417  0.01611 -0.04834 -0.08057 -0.00806 -0.03223 -0.12085 -0.12891 -0.01611  0.03223  0.02417  0.09668
  0.01611  0.01611 -0.05640 -0.08862 -0.00806 -0.04834 -0.13696 -0.14502 -0.02417  0.02417  0.03223  0.07251
  0.02417  0.02417 -0.04834 -0.07251 -0.00806 -0.04834 -0.13696 -0.13696 -0.02417  0.03223  0.03223  0.05640
  0.03223  0.01611 -0.04834 -0.06445  0.00806 -0.04028 -0.12891 -0.13696 -0.03223  0.03223  0.03223  0.04028
  0.01611  0.02417 -0.04834 -0.08057  0.00000 -0.04028 -0.12085 -0.12891 -0.04028  0.06445  0.04834  0.03223
  0.01611  0.01611 -0.04834 -0.08862  0.00000 -0.04028 -0.09668 -0.10474 -0.02417  0.05640  0.05640  0.02417
  0.03223  0.03223 -0.03223 -0.08057  0.00806 -0.03223 -0.08057 -0.10474 -0.00806  0.08862  0.07251  0.02417
  0.01611  0.02417 -0.04834 -0.08862 -0.02417 -0.04834 -0.08057 -0.12891  0.00806  0.07251  0.06445  0.02417
  0.01611  0.03223 -0.04028 -0.08057 -0.01611 -0.04834  0.00000 -0.16113  0.02417 -0.02417  0.04834  0.04028
  0.02417  0.01611 -0.04834 -0.07251  0.00000 -0.03223  0.07251 -0.24170  0.07251 -0.17725  0.04028  0.06445
  0.04834  0.02417 -0.04028 -0.05640  0.00806 -0.01611  0.19336 -0.28198  0.11279 -0.27393  0.04834  0.06445
  0.04834  0.01611 -0.04028 -0.04834  0.00000 -0.02417  0.22559 -0.17725  0.08862 -0.21753  0.03223  0.07251
  0.06445  0.01611 -0.04028 -0.06445  0.00806 -0.02417  0.18530 -0.00806 -0.07251 -0.04834  0.02417  0.07251
  0.00806  0.04028 -0.05640 -0.07251 -0.04834 -0.16113 -1.40186  1.30518 -1.27295  1.63550  0.16919 -0.01611
  0.00000  0.07251  0.00000 -0.20142  0.08057 -0.00806  0.51562 -0.43506  0.59619 -0.27393  0.51562  0.50757
  0.12891  0.03223  0.02417 -0.11279  0.00806  0.01611 -0.02417 -0.24976 -0.09668 -0.58813  0.05640  0.04028

  0.04028  0.01611 -0.06445 -0.11279 -0.01611 -0.05640 -0.08862 -0.04834  0.02417  0.16919  0.04834  0.05640
  0.04834  0.03223 -0.04834 -0.10474 -0.00806 -0.04028 -0.12085 -0.06445  0.00000  0.11279  0.04834  0.06445
  0.02417  0.01611 -0.04834 -0.12085 -0.02417 -0.04834 -0.14502 -0.08057 -0.02417  0.05640  0.07251  0.06445
  0.01611  0.02417 -0.04834 -0.12085 -0.01611 -0.04028 -0.20142 -0.08057 -0.04028  0.04028  0.08862  0.05640
  0.00806  0.04028 -0.03223 -0.09668  0.00000 -0.04028 -0.20142 -0.04834 -0.04028  0.02417  0.08862  0.05640
  0.02417  0.03223 -0.04028 -0.08862 -0.01611 -0.05640 -0.17725 -0.07251 -0.02417  0.01611  0.08057  0.03223
  0.04028  0.02417 -0.04834 -0.04028  0.00000 -0.04028 -0.16919 -0.09668 -0.02417  0.04834  0.06445  0.05640
  0.04834  0.03223 -0.04028 -0.03223  0.00000 -0.04834 -0.16919 -0.12085 -0.02417  0.06445  0.04834  0.06445
  0.05640  0.03223 -0.04028 -0.04834 -0.00806 -0.04028 -0.15308 -0.12891 -0.01611  0.04028  0.04028  0.06445
  0.03223  0.02417 -0.04834 -0.05640 -0.02417 -0.05640 -0.16113 -0.15308  0.00806  0.00806  0.04834  0.07251
  0.04028  0.01611 -0.04834 -0.05640  0.00000 -0.04834 -0.14502 -0.15308 -0.00806  0.00000  0.04028  0.05640
  0.01611  0.01611 -0.04834 -0.09668 -0.00806 -0.04028 -0.14502 -0.16113  0.00000  0.00000  0.04028  0.07251
  0.00806  0.01611 -0.04028 -0.09668 -0.01611 -0.04028 -0.12891 -0.14502  0.00000  0.02417  0.04028  0.04028
  0.01611  0.01611 -0.04028 -0.10474 -0.01611 -0.04028 -0.12085 -0.13696  0.00000  0.04028  0.03223  0.04834
  0.01611  0.02417 -0.02417 -0.10474 -0.02417 -0.04028 -0.11279 -0.14502 -0.00806  0.04028  0.04028  0.04028
  0.02417  0.03223 -0.02417 -0.08057 -0.00806 -0.04028 -0.09668 -0.15308 -0.00806  0.04028  0.04834  0.03223
  0.03223  0.03223 -0.04028 -0.06445  0.00806 -0.05640 -0.06445 -0.18530 -0.00806 -0.03223  0.04028  0.02417
  0.04028  0.03223 -0.04834 -0.05640  0.01611 -0.05640  0.01611 -0.24976  0.04028 -0.20142  0.05640  0.08057
  0.05640  0.03223 -0.04028 -0.04028  0.01611 -0.03223  0.06445 -0.27393  0.04028 -0.24976  0.04028  0.06445
  0.04834  0.02417 -0.02417 -0.04834  0.00806 -0.03223  0.11279 -0.16919  0.02417 -0.20947  0.03223  0.08057
  0.04834  0.01611 -0.03223 -0.07251  0.00000 -0.02417  0.09668 -0.05640 -0.09668 -0.09668  0.01611  0.06445
  0.00806  0.02417 -0.05640 -0.09668 -0.04834 -0.16919 -1.28101  1.77246 -1.33740  1.67578  0.20142 -0.18530
 -0.02417  0.04028  0.00806 -0.24976  0.04834 -0.03223  0.36255 -0.33032  0.44312 -0.23364  0.60425  0.48340
  0.04834  0.06445 -0.02417 -0.16113 -0.03223  0.04834 -0.41089 -0.08862 -0.20142  0.33032 -0.14502 -0.21753

  0.04834  0.02417 -0.04028 -0.09668 -0.01611 -0.03223 -0.03223 -0.01611  0.01611  0.21753  0.07251  0.05640
  0.04028  0.03223 -0.04834 -0.12085 -0.02417 -0.05640 -0.05640 -0.04834  0.00000  0.16919  0.04834  0.06445
  0.04028  0.02417 -0.04028 -0.08862  0.00806 -0.04028 -0.11279 -0.05640 -0.03223  0.13696  0.07251  0.07251
  0.01611  0.02417 -0.04834 -0.07251 -0.00806 -0.05640 -0.20142 -0.02417 -0.06445  0.04028  0.08862  0.03223
  0.02417  0.02417 -0.05640 -0.08862 -0.00806 -0.05640 -0.18530 -0.04834 -0.04834  0.03223  0.08862  0.02417
  0.01611  0.03223 -0.04028 -0.11279 -0.01611 -0.05640 -0.16919 -0.07251 -0.04028  0.04028  0.08057  0.02417
  0.01611  0.01611 -0.03223 -0.08862 -0.02417 -0.04834 -0.17725 -0.10474 -0.02417  0.04028  0.04834  0.05640
  0.00806  0.01611 -0.04834 -0.07251  0.00000 -0.03223 -0.15308 -0.12085 -0.01611  0.04834  0.04028  0.05640
  0.00806  0.01611 -0.04834 -0.10474 -0.01611 -0.03223 -0.16919 -0.14502  0.00000  0.04028  0.02417  0.06445
  0.02417  0.00806 -0.04028 -0.08862 -0.00806 -0.04834 -0.14502 -0.13696  0.03223  0.02417  0.01611  0.08057
  0.02417  0.01611 -0.04028 -0.08057  0.00000 -0.04834 -0.12891 -0.15308  0.03223  0.00806  0.02417  0.08057
  0.00806  0.02417 -0.02417 -0.08057 -0.01611 -0.04834 -0.11279 -0.16919  0.01611  0.00000  0.01611  0.06445
  0.00000  0.01611 -0.04028 -0.09668 -0.01611 -0.04834 -0.08862 -0.18530  0.00806 -0.03223  0.02417  0.04028
  0.00806  0.00806 -0.04834 -0.10474 -0.01611 -0.04834 -0.08862 -0.20142  0.01611 -0.03223  0.03223  0.04028
  0.01611  0.02417 -0.04028 -0.10474 -0.00806 -0.04028 -0.06445 -0.20142  0.02417 -0.03223  0.04028  0.03223
  0.01611  0.02417 -0.04834 -0.08862  0.00806 -0.04834  0.00000 -0.19336  0.04028 -0.04028  0.06445  0.01611
  0.02417  0.02417 -0.04834 -0.08057  0.00806 -0.04834  0.03223 -0.21753  0.04834 -0.12891  0.06445  0.04834
  0.02417  0.02417 -0.03223 -0.05640  0.00806 -0.05640  0.08862 -0.21753  0.05640 -0.21753  0.08057  0.08057
  0.03223  0.03223 -0.04834 -0.06445  0.00000 -0.04834  0.09668 -0.21753  0.04834 -0.22559  0.08862  0.08057
  0.03223  0.02417 -0.04028 -0.04834  0.00806 -0.06445  0.13696 -0.12085  0.00000 -0.16113  0.08862  0.08057
  0.02417  0.00806 -0.04028 -0.04028  0.00000 -0.05640  0.12891  0.03223 -0.09668  0.01611  0.08057  0.10474
  0.00806  0.00806 -0.06445 -0.04834 -0.05640 -0.20142 -1.69189  1.19238 -1.44214  1.32935  0.16919 -0.04028
  0.00000  0.05640 -0.01611 -0.14502  0.05640 -0.04028  0.88623 -0.32227  0.76538 -0.06445  0.62842  0.44312
  0.04028  0.02417 -0.02417 -0.08057 -0.03223 -0.00806 -0.39478 -0.04834 -0.30615 -0.00806 -0.12085 -0.04028

  0.01611  0.02417 -0.02417 -0.09668 -0.00806 -0.04834 -0.01611  0.00806 -0.02417  0.24976  0.07251  0.02417
  0.01611  0.03223 -0.03223 -0.12085 -0.00806 -0.05640  0.03223  0.03223 -0.01611  0.25781  0.07251  0.04028
  0.01611  0.03223 -0.04028 -0.12891 -0.00806 -0.04834 -0.01611  0.02417  0.00000  0.24976  0.09668  0.04834
  0.00000  0.03223 -0.03223 -0.10474  0.00806 -0.05640 -0.04834  0.03223  0.00806  0.21753  0.10474  0.04834
 -0.01611  0.01611 -0.03223 -0.12085 -0.01611 -0.04834 -0.10474 -0.00806 -0.04834  0.11279  0.10474  0.04834
 -0.01611  0.02417 -0.04028 -0.14502 -0.01611 -0.04834 -0.23364 -0.00806 -0.09668  0.07251  0.11279  0.04834
 -0.01611  0.03223 -0.03223 -0.11279  0.00000 -0.05640 -0.25781  0.00806 -0.10474  0.06445  0.12085  0.02417
 -0.00806  0.01611 -0.04028 -0.10474  0.00806 -0.05640 -0.23364 -0.00806 -0.06445  0.04028  0.12891  0.00806
  0.00000  0.02417 -0.04834 -0.08862  0.00000 -0.05640 -0.18530 -0.08057 -0.03223  0.02417  0.11279  0.04834
  0.01611  0.01611 -0.04028 -0.05640  0.00000 -0.05640 -0.16919 -0.14502  0.04028 -0.00806  0.04028  0.08057
  0.00806  0.01611 -0.03223 -0.05640  0.00806 -0.05640 -0.11279 -0.20947  0.06445 -0.04028  0.02417  0.08862
  0.00000  0.00806 -0.03223 -0.05640  0.00000 -0.05640 -0.09668 -0.24170  0.03223 -0.07251  0.00806  0.07251
  0.00806  0.01611 -0.04028 -0.07251 -0.01611 -0.04834 -0.09668 -0.23364  0.00806 -0.07251  0.02417  0.07251
  0.00000  0.00806 -0.04028 -0.07251 -0.00806 -0.05640 -0.08862 -0.23364 -0.00806 -0.03223  0.03223  0.07251
  0.00000  0.01611 -0.03223 -0.08057  0.00000 -0.05640 -0.08862 -0.21753 -0.00806 -0.02417  0.04028  0.04834
  0.01611  0.03223 -0.03223 -0.08862 -0.00806 -0.06445 -0.06445 -0.20947 -0.00806 -0.05640  0.04028  0.04834
  0.00806  0.02417 -0.04028 -0.05640  0.00000 -0.05640 -0.02417 -0.20142  0.00000 -0.10474  0.04834  0.07251
  0.00806  0.01611 -0.03223 -0.06445  0.00806 -0.04834  0.05640 -0.22559  0.03223 -0.19336  0.07251  0.10474
  0.02417  0.02417 -0.03223 -0.06445  0.00000 -0.04028  0.10474 -0.18530  0.03223 -0.26587  0.08057  0.08057
  0.00806  0.00806 -0.03223 -0.06445  0.00000 -0.04028  0.12085 -0.15308  0.03223 -0.25781  0.08862  0.07251
  0.01611  0.01611 -0.02417 -0.06445 -0.02417 -0.04834  0.11279  0.02417 -0.06445 -0.08057  0.09668  0.07251
 -0.03223  0.00806 -0.04834 -0.05640 -0.04834 -0.19336 -1.69995  1.28101 -1.11987  1.49048  0.22559 -0.04028
 -0.13696  0.11279 -0.11279 -0.24170  0.06445 -0.06445  0.68481 -0.07251  0.99902  0.85400  0.82178  0.40283
  0.03223  0.00806  0.00000 -0.10474 -0.02417  0.01611 -0.33032 -0.12085 -0.20142 -0.10474 -0.24170 -0.16919

  0.04028  0.04028 -0.04834 -0.09668 -0.00806 -0.04028 -0.01611  0.00000 -0.05640  0.15308  0.09668  0.05640
  0.04028  0.04834 -0.01611 -0.08862  0.00806 -0.05640 -0.08057 -0.00806 -0.08862  0.16113  0.11279  0.05640
  0.03223  0.04028 -0.03223 -0.05640  0.00806 -0.04834 -0.16113  0.00806 -0.08057  0.12891  0.09668  0.04028
  0.00000  0.02417 -0.02417 -0.08057  0.00000 -0.05640 -0.15308 -0.01611 -0.02417  0.03223  0.10474  0.02417
  0.00000  0.02417 -0.03223 -0.12085 -0.00806 -0.04834 -0.12085 -0.04028 -0.02417  0.01611  0.10474  0.04028
  0.00806  0.02417 -0.03223 -0.13696 -0.00806 -0.04028 -0.12085 -0.07251 -0.00806  0.03223  0.08862  0.04834
  0.00000  0.02417 -0.02417 -0.11279 -0.00806 -0.03223 -0.11279 -0.08862 -0.00806  0.04028  0.04834  0.04028
 -0.01611  0.00806 -0.03223 -0.11279 -0.01611 -0.03223 -0.12085 -0.09668  0.03223  0.05640  0.04834  0.04834
 -0.00806  0.00806 -0.02417 -0.12085 -0.01611 -0.03223 -0.12085 -0.12085  0.03223  0.04028  0.03223  0.04028
 -0.00806  0.00806 -0.01611 -0.12085 -0.01611 -0.03223 -0.11279 -0.13696  0.02417  0.03223  0.02417  0.05640
 -0.00806  0.00806 -0.02417 -0.09668 -0.00806 -0.04028 -0.10474 -0.14502  0.02417  0.00806  0.03223  0.06445
 -0.00806  0.01611 -0.03223 -0.08862 -0.00806 -0.03223 -0.09668 -0.14502  0.00806 -0.00806  0.03223  0.05640
  0.00000  0.01611 -0.03223 -0.08862 -0.00806 -0.04834 -0.08862 -0.15308  0.01611 -0.01611  0.04028  0.04834
  0.00806  0.04028 -0.02417 -0.08057  0.00806 -0.04028 -0.08057 -0.13696  0.01611 -0.00806  0.06445  0.04028
  0.00806  0.01611 -0.04028 -0.08057  0.00000 -0.04834 -0.10474 -0.13696  0.00000  0.03223  0.08057  0.04834
  0.00806  0.02417 -0.03223 -0.06445  0.00806 -0.04834 -0.10474 -0.12891  0.00000  0.03223  0.07251  0.04834
  0.00806  0.02417 -0.04028 -0.06445  0.00806 -0.04028 -0.08862 -0.11279 -0.00806  0.06445  0.06445  0.04028
  0.03223  0.04028 -0.02417 -0.04834  0.01611 -0.04028 -0.04028 -0.11279  0.00000  0.08862  0.08057  0.04028
  0.00806  0.02417 -0.04028 -0.05640  0.00806 -0.04834  0.05640 -0.17725  0.04028 -0.15308  0.05640  0.12891
  0.03223  0.02417 -0.04028 -0.04834  0.00806 -0.04834  0.12085 -0.24170  0.07251 -0.28198  0.04028  0.08057
  0.03223  0.01611 -0.04028 -0.04834  0.00000 -0.04028  0.17725 -0.15308  0.03223 -0.18530  0.05640  0.09668
 -0.04834  0.05640 -0.11279 -0.09668 -0.04028 -0.16113 -0.87012  1.65161 -0.74927  1.54688  0.29004 -0.20947
  0.07251  0.04834  0.02417 -0.16919  0.06445  0.00806  0.20947 -0.24170  0.25781 -0.33032  0.40283  0.37061
 -0.01611  0.01611  0.00806 -0.19336 -0.03223  0.05640 -0.33032  0.00000 -0.15308  0.34644 -0.08057 -0.16919

  0.05640  0.04028 -0.01611 -0.09668  0.00806 -0.02417 -0.12085 -0.04028 -0.03223  0.08862  0.08057  0.06445
  0.04028  0.04028 -0.03223 -0.10474 -0.01611 -0.03223 -0.21753 -0.04834 -0.05640  0.04834  0.09668  0.04028
  0.02417  0.02417 -0.03223 -0.09668 -0.00806 -0.04028 -0.19336 -0.03223 -0.06445  0.04028  0.10474  0.04834
  0.02417  0.02417 -0.03223 -0.10474  0.00000 -0.04028 -0.16919 -0.08057 -0.02417  0.01611  0.10474  0.00806
  0.02417  0.03223 -0.03223 -0.08862  0.00000 -0.05640 -0.16113 -0.10474 -0.02417  0.01611  0.07251  0.03223
  0.03223  0.01611 -0.03223 -0.07251  0.00806 -0.03223 -0.17725 -0.12085  0.00000  0.03223  0.04834  0.03223
  0.00806  0.00806 -0.04834 -0.08057 -0.01611 -0.04028 -0.14502 -0.12085  0.00000  0.04028  0.03223  0.03223
  0.01611  0.01611 -0.04028 -0.08862 -0.01611 -0.04028 -0.14502 -0.13696  0.01611  0.03223  0.03223  0.07251
  0.02417  0.01611 -0.04028 -0.08057 -0.00806 -0.04028 -0.13696 -0.14502  0.02417  0.03223  0.04028  0.08862
  0.02417  0.01611 -0.04028 -0.09668 -0.00806 -0.04028 -0.11279 -0.15308  0.03223  0.01611  0.04028  0.08057
  0.01611  0.01611 -0.04028 -0.08862 -0.01611 -0.04028 -0.11279 -0.16919  0.04028  0.00806  0.02417  0.06445
  0.01611  0.00806 -0.04028 -0.08862 -0.01611 -0.04834 -0.11279 -0.16919  0.03223  0.01611  0.03223  0.04028
  0.00806  0.01611 -0.03223 -0.09668  0.00000 -0.03223 -0.10474 -0.16113  0.02417  0.03223  0.04028  0.03223
  0.00806  0.01611 -0.03223 -0.10474 -0.00806 -0.04028 -0.10474 -0.12891  0.02417  0.03223  0.04834  0.01611
  0.00806  0.02417 -0.04028 -0.09668 -0.00806 -0.04028 -0.09668 -0.12891  0.02417  0.03223  0.05640  0.00806
  0.01611  0.02417 -0.04028 -0.10474 -0.00806 -0.03223 -0.07251 -0.15308  0.00000  0.00000  0.08057  0.03223
  0.01611  0.02417 -0.03223 -0.09668  0.00000 -0.02417 -0.05640 -0.16919  0.00000 -0.00806  0.06445  0.03223
  0.02417  0.03223 -0.03223 -0.08862  0.00806 -0.03223  0.01611 -0.19336  0.03223 -0.11279  0.06445  0.08862
  0.04834  0.04028 -0.03223 -0.06445  0.01611 -0.03223  0.09668 -0.18530  0.05640 -0.17725  0.05640  0.10474
  0.04834  0.02417 -0.04028 -0.07251  0.00806 -0.04028  0.14502 -0.16113  0.03223 -0.20142  0.04028  0.10474
  0.05640  0.01611 -0.04028 -0.06445  0.00806 -0.03223 -0.16919  0.00000 -0.35449  0.11279  0.03223  0.06445
  0.01611  0.05640 -0.08862 -0.07251 -0.04028 -0.13696 -0.95068  1.66772 -0.95874  1.69189  0.30615 -0.18530
  0.07251  0.04834  0.04834 -0.13696  0.08862 -0.00806  0.24976 -0.25781  0.34644 -0.32227  0.43506  0.35449
  0.12085  0.04028  0.00806 -0.10474  0.00806  0.00000 -0.39478 -0.13696 -0.33032 -0.12085 -0.02417 -0.11279

  0.08057  0.04028 -0.05640 -0.04028  0.00806 -0.02417 -0.09668 -0.02417  0.00806  0.14502  0.07251  0.08862
  0.08057  0.04028 -0.04834 -0.04834  0.01611 -0.03223 -0.13696 -0.08862 -0.06445  0.08057  0.06445  0.08057
  0.06445  0.03223 -0.04834 -0.06445 -0.00806 -0.04834 -0.17725 -0.08057 -0.08057  0.06445  0.08057  0.06445
  0.04834  0.03223 -0.04834 -0.08057 -0.00806 -0.04834 -0.22559 -0.05640 -0.11279  0.05640  0.08862  0.04028
  0.02417  0.03223 -0.04834 -0.08057 -0.00806 -0.06445 -0.15308 -0.08862 -0.03223  0.02417  0.07251  0.04028
  0.04028  0.03223 -0.04028 -0.07251 -0.01611 -0.06445 -0.13696 -0.12891  0.00000  0.04834  0.05640  0.05640
  0.04028  0.02417 -0.04834 -0.08057  0.00806 -0.04028 -0.12891 -0.14502  0.00806  0.05640  0.04028  0.06445
  0.03223  0.01611 -0.04834 -0.08057  0.00806 -0.04028 -0.13696 -0.16113  0.02417  0.04834  0.02417  0.07251
  0.01611  0.01611 -0.04834 -0.10474 -0.00806 -0.04834 -0.12085 -0.17725  0.01611  0.02417  0.01611  0.06445
  0.01611  0.01611 -0.04834 -0.10474 -0.01611 -0.04834 -0.12085 -0.16113  0.02417  0.00806  0.00806  0.04834
  0.00806  0.01611 -0.04834 -0.11279 -0.02417 -0.04834 -0.12085 -0.16113  0.00000  0.01611  0.01611  0.03223
  0.00806  0.02417 -0.03223 -0.11279 -0.02417 -0.04834 -0.12085 -0.16113 -0.00806  0.01611  0.03223  0.04028
  0.00000  0.01611 -0.04028 -0.12085 -0.01611 -0.04834 -0.12085 -0.12891 -0.02417  0.03223  0.04834  0.03223
  0.00806  0.01611 -0.04834 -0.10474 -0.00806 -0.03223 -0.11279 -0.12891 -0.03223  0.04834  0.05640  0.03223
  0.01611  0.01611 -0.04834 -0.09668 -0.00806 -0.03223 -0.09668 -0.11279 -0.02417  0.06445  0.05640  0.03223
  0.01611  0.02417 -0.04834 -0.08862 -0.00806 -0.04834 -0.08057 -0.11279 -0.00806  0.09668  0.04834  0.04028
  0.03223  0.02417 -0.04834 -0.06445  0.00000 -0.04028 -0.00806 -0.17725  0.03223 -0.05640  0.05640  0.08862
  0.03223  0.00806 -0.04834 -0.06445  0.00000 -0.04834  0.04834 -0.24170  0.06445 -0.18530  0.04834  0.08862
  0.02417  0.01611 -0.04028 -0.04834 -0.00806 -0.03223  0.11279 -0.25781  0.09668 -0.20947  0.07251  0.08862
  0.04834  0.01611 -0.04028 -0.05640 -0.00806 -0.01611  0.17725 -0.16919  0.06445 -0.23364  0.08862  0.08057
  0.03223  0.01611 -0.04834 -0.07251 -0.00806 -0.04834  0.20142  0.04028 -0.01611 -0.03223  0.07251  0.08057
  0.00806  0.00806 -0.06445 -0.08057 -0.03223 -0.18530 -1.98999  0.99097 -1.14404  1.36963  0.16919  0.00000
 -0.10474  0.12085 -0.20142 -0.15308 -0.00806 -0.16113 -0.04028  0.74121  0.43506  1.80469  0.74121  0.01611
  0.12085  0.02417  0.00806 -0.06445  0.05640 -0.01611  0.38672 -0.34644  0.16113 -0.60425  0.05640  0.32227

  0.02417  0.03223 -0.00806 -0.09668  0.01611 -0.00806  0.00000  0.02417  0.01611  0.25781  0.08057  0.04028
  0.00806  0.04028 -0.03223 -0.11279  0.00806 -0.03223 -0.03223 -0.00806  0.00806  0.20142  0.06445  0.06445
  0.03223  0.02417 -0.04028 -0.08862 -0.01611 -0.05640 -0.12891 -0.04028 -0.04028  0.11279  0.07251  0.06445
  0.02417  0.02417 -0.04834 -0.10474 -0.01611 -0.06445 -0.23364 -0.01611 -0.08862  0.08862  0.11279  0.05640
  0.00806  0.03223 -0.03223 -0.09668  0.01611 -0.05640 -0.18530 -0.05640 -0.03223 -0.00806  0.10474  0.02417
  0.00806  0.01611 -0.03223 -0.11279 -0.00806 -0.04028 -0.16113 -0.09668 -0.00806  0.01611  0.07251  0.03223
  0.00806  0.01611 -0.02417 -0.09668 -0.00806 -0.02417 -0.14502 -0.12891 -0.00806  0.02417  0.04028  0.04028
 -0.01611  0.00000 -0.03223 -0.12085 -0.02417 -0.04028 -0.15308 -0.15308  0.01611  0.02417  0.04028  0.04834
 -0.00806  0.00000 -0.03223 -0.11279 -0.02417 -0.04028 -0.16113 -0.17725  0.01611  0.00806  0.04028  0.05640
 -0.00806  0.02417 -0.04028 -0.09668 -0.00806 -0.04028 -0.13696 -0.19336  0.01611 -0.03223  0.03223  0.06445
  0.00806  0.01611 -0.03223 -0.07251  0.00000 -0.04834 -0.12891 -0.20142  0.02417 -0.03223  0.02417  0.06445
  0.02417  0.02417 -0.04028 -0.06445 -0.00806 -0.04028 -0.12891 -0.20142  0.03223 -0.02417  0.02417  0.05640
  0.02417  0.03223 -0.04834 -0.06445  0.00000 -0.05640 -0.11279 -0.20142  0.03223 -0.01611  0.03223  0.05640
  0.01611  0.01611 -0.04028 -0.04834  0.00000 -0.04834 -0.10474 -0.20142  0.02417 -0.01611  0.04028  0.02417
  0.02417  0.01611 -0.03223 -0.05640 -0.00806 -0.04834 -0.08862 -0.19336  0.02417 -0.01611  0.04834  0.04028
  0.01611  0.01611 -0.03223 -0.05640 -0.00806 -0.04834 -0.07251 -0.18530  0.02417 -0.03223  0.05640  0.04834
  0.01611  0.02417 -0.03223 -0.06445  0.00000 -0.04834 -0.01611 -0.19336  0.02417 -0.07251  0.07251  0.06445
  0.03223  0.04028 -0.04028 -0.08057  0.01611 -0.04834  0.04028 -0.20947  0.02417 -0.13696  0.07251  0.08057
  0.02417  0.02417 -0.04834 -0.06445  0.00806 -0.04834  0.07251 -0.21753  0.03223 -0.17725  0.06445  0.08862
  0.03223  0.02417 -0.04028 -0.07251  0.00806 -0.03223  0.15308 -0.15308 -0.01611 -0.16919  0.01611  0.09668
  0.03223  0.01611 -0.02417 -0.09668 -0.01611 -0.01611 -0.43506 -0.10474 -0.60425  0.17725  0.00806  0.06445
  0.00000 -0.01611  0.00806 -0.05640 -0.03223 -0.09668 -1.76440  0.70898 -1.48242  1.11987  0.02417 -0.08862
 -0.12891  0.11279 -0.04834 -0.26587  0.08057  0.00000  1.04736 -0.12891  1.06348  0.47534  1.02319  0.53979
  0.08057  0.04834  0.02417 -0.18530 -0.01611  0.03223 -0.36255 -0.12891 -0.42700  0.02417  0.04028 -0.14502

  0.00806  0.02417 -0.04028 -0.08862 -0.01611 -0.04834 -0.06445 -0.00806  0.01611  0.16919  0.08057  0.06445
  0.02417  0.02417 -0.04028 -0.08057 -0.00806 -0.04028 -0.07251 -0.01611  0.02417  0.10474  0.08862  0.07251
  0.04028  0.02417 -0.04834 -0.12085 -0.01611 -0.05640 -0.15308 -0.04028 -0.02417  0.06445  0.10474  0.04028
  0.00806  0.02417 -0.04834 -0.13696  0.00000 -0.05640 -0.20947 -0.04028 -0.05640  0.01611  0.10474  0.02417
  0.00806  0.02417 -0.04834 -0.13696 -0.00806 -0.05640 -0.19336 -0.06445 -0.05640  0.00000  0.10474  0.00000
  0.00806  0.01611 -0.03223 -0.10474 -0.00806 -0.04834 -0.19336 -0.11279 -0.08862  0.02417  0.08057 -0.00806
  0.00806  0.01611 -0.02417 -0.08862  0.00000 -0.04834 -0.19336 -0.13696 -0.06445  0.02417  0.06445  0.03223
  0.01611  0.02417 -0.04028 -0.08862  0.00000 -0.04028 -0.16919 -0.14502 -0.07251  0.00000  0.05640  0.05640
  0.02417  0.02417 -0.03223 -0.06445 -0.00806 -0.04028 -0.19336 -0.18530 -0.04028 -0.02417  0.04028  0.06445
  0.04028  0.02417 -0.03223 -0.06445  0.00000 -0.04834 -0.16919 -0.17725 -0.00806 -0.04028  0.04028  0.08057
  0.03223  0.03223 -0.03223 -0.08057 -0.00806 -0.04028 -0.12085 -0.17725  0.03223 -0.03223  0.04028  0.08862
  0.01611  0.01611 -0.03223 -0.06445  0.00000 -0.04028 -0.12085 -0.20947  0.03223 -0.03223  0.02417  0.06445
  0.00806  0.01611 -0.03223 -0.08057  0.00000 -0.04028 -0.11279 -0.20142  0.00806 -0.00806  0.02417  0.04028
  0.01611  0.01611 -0.03223 -0.06445  0.00806 -0.04028 -0.13696 -0.19336 -0.01611 -0.00806  0.02417  0.03223
  0.01611  0.01611 -0.04028 -0.07251  0.00000 -0.04834 -0.11279 -0.16113 -0.02417 -0.01611  0.02417  0.01611
  0.02417  0.02417 -0.04834 -0.05640  0.00000 -0.05640 -0.10474 -0.16113 -0.02417 -0.02417  0.04834  0.01611
  0.04028  0.02417 -0.04028 -0.04028  0.00806 -0.04834 -0.07251 -0.16919 -0.01611 -0.02417  0.07251  0.04028
  0.04028  0.02417 -0.04834 -0.03223  0.00806 -0.05640 -0.00806 -0.19336  0.01611 -0.11279  0.08057  0.07251
  0.04028  0.02417 -0.04834 -0.01611  0.00806 -0.05640  0.07251 -0.19336  0.04834 -0.21753  0.07251  0.08057
  0.04028  0.02417 -0.04834 -0.01611  0.02417 -0.04028  0.14502 -0.16113  0.04834 -0.23364  0.07251  0.08057
  0.04834  0.02417 -0.04834 -0.01611  0.00000 -0.04834 -0.11279 -0.09668 -0.04834 -0.12085  0.07251  0.07251
 -0.04834  0.08057 -0.12891 -0.11279 -0.00806 -0.13696  0.62036  0.72510  0.68481  1.18433  0.53979  0.05640
  0.04028  0.07251  0.00000 -0.14502  0.00806 -0.03223 -0.21753  0.00806 -0.12085  0.20947  0.37866  0.18530
  0.00806  0.04834  0.03223 -0.12085  0.05640  0.08057 -0.14502 -0.17725  0.10474  0.29810 -0.30615  0.08057

  0.03223  0.03223 -0.05640 -0.10474 -0.02417 -0.07251 -0.20142 -0.06445 -0.04028  0.04028  0.08862  0.05640
  0.00806  0.02417 -0.05640 -0.11279 -0.02417 -0.07251 -0.20142 -0.06445 -0.03223  0.03223  0.09668  0.06445
  0.00806  0.02417 -0.04834 -0.12085 -0.02417 -0.05640 -0.19336 -0.07251  0.00000 -0.00806  0.09668  0.04834
  0.00000  0.02417 -0.03223 -0.14502 -0.00806 -0.04834 -0.17725 -0.08057  0.01611 -0.00806  0.09668  0.04834
  0.00000  0.01611 -0.03223 -0.11279 -0.00806 -0.03223 -0.19336 -0.12085  0.00000 -0.01611  0.07251  0.05640
 -0.00806  0.01611 -0.04028 -0.12085 -0.00806 -0.03223 -0.16919 -0.14502  0.00806 -0.00806  0.03223  0.05640
  0.00000  0.01611 -0.02417 -0.12085 -0.00806 -0.02417 -0.15308 -0.14502  0.00806  0.02417  0.04834  0.07251
 -0.00806  0.01611 -0.03223 -0.11279 -0.00806 -0.02417 -0.15308 -0.15308  0.00806  0.02417  0.03223  0.08862
  0.00806  0.02417 -0.02417 -0.10474 -0.00806 -0.04028 -0.15308 -0.15308  0.00000  0.00806  0.04028  0.08057
  0.00806  0.02417 -0.04028 -0.09668 -0.00806 -0.04834 -0.15308 -0.16113  0.00000 -0.00806  0.03223  0.06445
  0.02417  0.03223 -0.03223 -0.06445  0.00000 -0.04028 -0.13696 -0.14502  0.01611  0.00806  0.04028  0.06445
  0.01611  0.00806 -0.04028 -0.07251 -0.00806 -0.05640 -0.15308 -0.15308  0.00000  0.00806  0.03223  0.04028
  0.02417  0.00806 -0.04028 -0.05640  0.00806 -0.05640 -0.13696 -0.13696  0.00000  0.04028  0.04028  0.04028
  0.01611  0.00806 -0.04028 -0.05640 -0.00806 -0.04028 -0.12891 -0.12891 -0.00806  0.04834  0.04834  0.03223
  0.02417  0.03223 -0.03223 -0.06445 -0.00806 -0.04028 -0.09668 -0.12085 -0.00806  0.08057  0.05640  0.02417
  0.01611  0.02417 -0.04028 -0.06445  0.00000 -0.04028 -0.08862 -0.12085  0.00000  0.08057  0.08057  0.04028
  0.02417  0.02417 -0.04834 -0.06445  0.00806 -0.04028 -0.02417 -0.15308  0.03223 -0.03223  0.08057  0.06445
  0.02417  0.03223 -0.03223 -0.05640  0.01611 -0.03223  0.04834 -0.23364  0.06445 -0.16113  0.05640  0.06445
  0.01611  0.02417 -0.04028 -0.06445  0.00806 -0.02417  0.11279 -0.24170  0.08862 -0.22559  0.07251  0.07251
  0.02417  0.02417 -0.04028 -0.05640  0.00000 -0.03223  0.16919 -0.17725  0.09668 -0.21753  0.07251  0.06445
  0.04028  0.03223 -0.03223 -0.05640  0.00806 -0.03223  0.07251 -0.07251 -0.16919 -0.00806  0.05640  0.07251
 -0.02417  0.02417 -0.09668 -0.07251 -0.04834 -0.19336 -1.27295  1.61938 -1.47437  1.49048  0.14502 -0.18530
 -0.11279  0.12085 -0.11279 -0.21753  0.03223 -0.08862  0.81372  0.14502  0.95874  1.00708  0.74121  0.15308
  0.08057  0.03223  0.02417 -0.12891  0.00806  0.00806 -0.23364 -0.15308 -0.16919 -0.23364  0.12085  0.06445

  0.05640  0.04028 -0.04834 -0.02417  0.00806 -0.04834 -0.12891 -0.05640 -0.04834  0.09668  0.08057  0.08057
  0.05640  0.02417 -0.05640 -0.01611  0.00000 -0.06445 -0.19336 -0.05640 -0.05640  0.08057  0.08862  0.06445
  0.04834  0.02417 -0.06445 -0.08862 -0.01611 -0.07251 -0.22559 -0.05640 -0.03223  0.02417  0.11279  0.06445
  0.03223  0.03223 -0.04834 -0.08057 -0.00806 -0.04834 -0.21753 -0.08862  0.00806 -0.02417  0.10474  0.05640
  0.00806  0.01611 -0.04834 -0.08862 -0.00806 -0.04028 -0.18530 -0.11279  0.02417 -0.02417  0.08862  0.06445
  0.01611  0.01611 -0.03223 -0.10474 -0.01611 -0.02417 -0.18530 -0.12085  0.04028 -0.03223  0.05640  0.06445
  0.03223  0.02417 -0.02417 -0.08862  0.00000 -0.01611 -0.16919 -0.14502  0.04028  0.00000  0.04028  0.06445
  0.00806  0.01611 -0.03223 -0.10474 -0.01611 -0.03223 -0.17725 -0.16919  0.02417  0.00806  0.04028  0.06445
  0.01611  0.01611 -0.04028 -0.10474 -0.01611 -0.03223 -0.16919 -0.18530  0.01611  0.00000  0.03223  0.07251
  0.02417  0.00806 -0.04028 -0.08057 -0.01611 -0.04028 -0.16113 -0.19336  0.01611 -0.03223  0.02417  0.06445
  0.03223  0.02417 -0.02417 -0.05640  0.00806 -0.03223 -0.16113 -0.21753  0.00806 -0.04028  0.02417  0.05640
  0.02417  0.00806 -0.04028 -0.06445 -0.00806 -0.03223 -0.16113 -0.20947  0.00806 -0.03223  0.02417  0.05640
  0.03223  0.02417 -0.04028 -0.06445 -0.00806 -0.04834 -0.16113 -0.19336  0.00806 -0.00806  0.02417  0.04834
  0.03223  0.01611 -0.04834 -0.07251 -0.00806 -0.04834 -0.15308 -0.16919 -0.00806  0.00000  0.03223  0.03223
  0.02417  0.03223 -0.04834 -0.06445  0.00000 -0.04834 -0.14502 -0.15308 -0.02417  0.02417  0.06445  0.04028
  0.03223  0.03223 -0.04834 -0.05640  0.00000 -0.04834 -0.12085 -0.15308 -0.04028  0.04028  0.07251  0.04028
  0.04028  0.02417 -0.04834 -0.06445  0.00806 -0.04834 -0.11279 -0.15308 -0.04028  0.00806  0.06445  0.02417
  0.03223  0.02417 -0.04834 -0.07251  0.01611 -0.05640 -0.05640 -0.18530 -0.02417 -0.08862  0.06445  0.04834
  0.04834  0.04028 -0.03223 -0.04834  0.02417 -0.03223 -0.00806 -0.18530  0.00806 -0.10474  0.08057  0.06445
  0.04028  0.03223 -0.04834 -0.04028  0.00806 -0.04028  0.08862 -0.22559  0.07251 -0.24170  0.09668  0.11279
  0.04834  0.02417 -0.04028 -0.04834 -0.00806 -0.04834 -0.37866  0.31421 -0.38672  0.21753  0.08057  0.03223
 -0.00806  0.00000 -0.03223 -0.04834 -0.02417 -0.12891 -1.51465  1.01514 -1.12793  1.21655  0.12085  0.02417
 -0.10474  0.10474 -0.09668 -0.24170  0.07251 -0.02417  0.75732 -0.27393  0.78149  0.52368  0.77344  0.41089
  0.12085  0.06445  0.02417 -0.12891  0.02417  0.01611 -0.41895 -0.16919 -0.26587 -0.04834 -0.19336 -0.27393

  0.02417  0.04028 -0.04834 -0.04834  0.01611 -0.05640 -0.07251  0.00806 -0.04028  0.19336  0.12085  0.04834
  0.03223  0.03223 -0.04028 -0.05640  0.00806 -0.04028 -0.16113  0.00806 -0.08057  0.16113  0.09668  0.05640
  0.02417  0.02417 -0.03223 -0.08057 -0.03223 -0.05640 -0.19336 -0.00806 -0.08057  0.11279  0.09668  0.04834
  0.01611  0.02417 -0.04028 -0.07251 -0.00806 -0.05640 -0.16919 -0.01611 -0.03223  0.07251  0.09668  0.03223
  0.01611  0.00806 -0.04834 -0.08862 -0.01611 -0.05640 -0.13696 -0.05640  0.00000  0.04834  0.08862  0.05640
  0.01611  0.03223 -0.02417 -0.07251 -0.01611 -0.04028 -0.14502 -0.08057  0.02417  0.05640  0.07251  0.06445
  0.01611  0.01611 -0.03223 -0.08057  0.00000 -0.02417 -0.12891 -0.09668  0.04028  0.06445  0.04834  0.06445
  0.00000  0.01611 -0.03223 -0.08862  0.00000 -0.03223 -0.12085 -0.11279  0.04028  0.05640  0.04028  0.05640
  0.00000  0.01611 -0.04028 -0.08862 -0.01611 -0.04834 -0.13696 -0.11279  0.04028  0.05640  0.03223  0.06445
  0.00806  0.02417 -0.04028 -0.08862 -0.01611 -0.04028 -0.13696 -0.13696  0.02417  0.04834  0.04028  0.06445
  0.01611  0.02417 -0.04028 -0.08057  0.00000 -0.04834 -0.10474 -0.12891  0.03223  0.03223  0.04028  0.06445
  0.02417  0.03223 -0.02417 -0.06445  0.00806 -0.03223 -0.12085 -0.15308  0.02417  0.00000  0.02417  0.04028
  0.00806  0.03223 -0.02417 -0.05640 -0.00806 -0.04834 -0.12085 -0.15308  0.01611  0.00806  0.04028  0.04028
  0.00806  0.02417 -0.04028 -0.06445 -0.00806 -0.05640 -0.11279 -0.16113  0.01611  0.00806  0.04834  0.04834
  0.01611  0.02417 -0.04028 -0.06445  0.00806 -0.04834 -0.12085 -0.15308  0.01611  0.02417  0.04834  0.04028
  0.01611  0.03223 -0.02417 -0.04834  0.00806 -0.04028 -0.10474 -0.14502 -0.01611  0.01611  0.03223  0.04834
  0.00806  0.02417 -0.03223 -0.05640  0.00000 -0.04028 -0.10474 -0.14502  0.01611  0.03223  0.04834  0.03223
  0.00806  0.02417 -0.02417 -0.06445  0.00000 -0.04028 -0.10474 -0.13696  0.00806  0.05640  0.04834  0.01611
  0.00000  0.03223 -0.03223 -0.05640  0.01611 -0.03223 -0.05640 -0.13696  0.02417  0.07251  0.06445  0.04028
  0.00806  0.02417 -0.02417 -0.05640  0.00000 -0.04834  0.02417 -0.20947  0.04834 -0.08862  0.04834  0.07251
  0.03223  0.03223 -0.03223 -0.04028  0.01611 -0.04028  0.09668 -0.28198  0.10474 -0.27393  0.04028  0.08057
  0.02417  0.02417 -0.02417 -0.04028  0.01611 -0.04028  0.12085 -0.29810  0.11279 -0.29004  0.04834  0.08057
  0.04028  0.02417 -0.02417 -0.04028  0.00000 -0.01611  0.18530 -0.24976  0.11279 -0.29004  0.07251  0.08057
  0.02417  0.01611 -0.02417 -0.05640 -0.01611 -0.02417  0.16919 -0.01611 -0.00806 -0.08057  0.01611  0.08057

  0.02417  0.04028 -0.01611 -0.07251 -0.00806 -0.06445 -0.16113 -0.04028 -0.04834  0.07251  0.08862  0.06445
  0.01611  0.04028 -0.02417 -0.08057 -0.00806 -0.06445 -0.14502 -0.05640 -0.01611  0.04834  0.08057  0.04028
  0.00806  0.03223 -0.04028 -0.08862 -0.00806 -0.06445 -0.12891 -0.07251  0.00806  0.04028  0.08057  0.04028
  0.03223  0.02417 -0.04834 -0.08057 -0.01611 -0.04834 -0.12085 -0.10474  0.02417  0.04028  0.05640  0.04028
  0.04028  0.03223 -0.01611 -0.05640  0.00806 -0.03223 -0.13696 -0.10474  0.03223  0.04028  0.04028  0.05640
  0.04028  0.03223 -0.01611 -0.06445  0.00806 -0.02417 -0.13696 -0.09668  0.04028  0.04028  0.04834  0.06445
  0.01611  0.02417 -0.02417 -0.07251 -0.00806 -0.02417 -0.14502 -0.12085  0.04028  0.03223  0.03223  0.06445
  0.00806  0.01611 -0.02417 -0.09668 -0.01611 -0.03223 -0.14502 -0.13696  0.01611  0.02417  0.03223  0.08862
  0.00806  0.01611 -0.03223 -0.08862 -0.01611 -0.04028 -0.13696 -0.12891  0.00806  0.03223  0.04028  0.08862
  0.00806  0.02417 -0.02417 -0.09668 -0.00806 -0.02417 -0.12891 -0.12085  0.00000  0.03223  0.03223  0.07251
  0.00806  0.01611 -0.02417 -0.08862 -0.00806 -0.03223 -0.12085 -0.12085 -0.00806  0.03223  0.04028  0.05640
  0.01611  0.02417 -0.02417 -0.10474 -0.02417 -0.04834 -0.13696 -0.12891  0.00000  0.04834  0.04028  0.02417
  0.02417  0.02417 -0.01611 -0.10474 -0.00806 -0.04028 -0.12891 -0.10474  0.00806  0.07251  0.05640  0.04028
  0.00806  0.02417 -0.02417 -0.08862  0.00000 -0.04834 -0.12085 -0.11279  0.00000  0.06445  0.04834  0.03223
  0.01611  0.02417 -0.01611 -0.08057  0.00000 -0.04834 -0.11279 -0.10474  0.00000  0.08862  0.04834  0.01611
  0.01611  0.02417 -0.02417 -0.08057  0.00000 -0.03223 -0.08057 -0.10474  0.00000  0.08862  0.06445  0.02417
  0.01611  0.02417 -0.01611 -0.08057  0.00000 -0.04028 -0.06445 -0.14502  0.00000  0.05640  0.07251  0.04834
  0.03223  0.04028 -0.02417 -0.07251  0.00000 -0.03223  0.03223 -0.20142  0.04834 -0.16113  0.05640  0.09668
  0.04028  0.04028 -0.02417 -0.04834  0.00000 -0.03223  0.18530 -0.26587  0.12891 -0.34644  0.08057  0.06445
  0.03223  0.01611 -0.02417 -0.04834  0.00000 -0.03223  0.22559 -0.27393  0.12085 -0.33838  0.09668  0.05640
  0.04028  0.01611 -0.03223 -0.04834 -0.00806 -0.04028 -0.33032 -0.20947 -0.46729 -0.02417  0.06445  0.04834
 -0.02417  0.07251 -0.09668 -0.09668 -0.03223 -0.19336 -0.74121  1.70801 -0.68481  1.42603  0.19336 -0.25781
  0.01611  0.02417  0.04834 -0.09668  0.00806  0.09668 -0.16113 -0.13696  0.07251  0.40283 -0.24170  0.04834
  0.05640  0.02417  0.05640 -0.00806  0.01611  0.08057 -0.04028 -0.05640 -0.00806 -0.10474 -0.17725  0.04834

  0.04028  0.04028 -0.02417 -0.05640  0.01611 -0.05640 -0.02417  0.00000 -0.00806  0.20947  0.12891  0.06445
  0.02417  0.02417 -0.03223 -0.04028  0.00806 -0.03223 -0.10474 -0.03223 -0.05640  0.12891  0.09668  0.05640
  0.04834  0.03223 -0.04834 -0.04834  0.00806 -0.05640 -0.14502 -0.03223 -0.05640  0.10474  0.09668  0.06445
  0.03223  0.02417 -0.04834 -0.07251  0.00000 -0.05640 -0.21753 -0.03223 -0.08862  0.05640  0.10474  0.05640
  0.01611  0.02417 -0.04028 -0.11279 -0.01611 -0.05640 -0.19336 -0.06445 -0.02417  0.00806  0.09668  0.02417
  0.00806  0.04834 -0.02417 -0.10474  0.00000 -0.04028 -0.16919 -0.07251 -0.00806  0.03223  0.10474  0.03223
  0.00000  0.01611 -0.02417 -0.11279 -0.01611 -0.04028 -0.17725 -0.09668  0.00000  0.02417  0.07251  0.04028
  0.00806  0.01611 -0.02417 -0.11279 -0.01611 -0.03223 -0.17725 -0.12085  0.03223  0.02417  0.04834  0.05640
  0.02417  0.02417 -0.02417 -0.08057 -0.00806 -0.02417 -0.16113 -0.16113  0.02417  0.01611  0.02417  0.06445
  0.01611  0.01611 -0.03223 -0.06445 -0.00806 -0.04028 -0.15308 -0.16919  0.03223  0.02417  0.02417  0.05640
  0.03223  0.01611 -0.04028 -0.04834  0.00000 -0.04834 -0.16113 -0.17725  0.03223  0.00806  0.03223  0.07251
  0.04028  0.03223 -0.01611 -0.05640  0.00000 -0.04834 -0.16919 -0.19336  0.03223  0.00000  0.02417  0.05640
  0.03223  0.01611 -0.02417 -0.05640  0.00806 -0.02417 -0.13696 -0.16919  0.03223  0.00806  0.03223  0.07251
  0.01611  0.02417 -0.03223 -0.05640 -0.00806 -0.04028 -0.13696 -0.17725  0.01611  0.00806  0.03223  0.05640
  0.02417  0.02417 -0.03223 -0.07251 -0.01611 -0.04028 -0.13696 -0.18530  0.02417  0.00000  0.03223  0.04834
  0.02417  0.03223 -0.02417 -0.06445 -0.00806 -0.04028 -0.10474 -0.16113  0.00806  0.01611  0.05640  0.04028
  0.02417  0.04028 -0.02417 -0.07251 -0.00806 -0.04834 -0.07251 -0.17725  0.01611 -0.03223  0.06445  0.04028
  0.01611  0.03223 -0.03223 -0.05640  0.01611 -0.03223 -0.00806 -0.21753  0.03223 -0.10474  0.04834  0.06445
  0.02417  0.02417 -0.03223 -0.04834  0.01611 -0.03223  0.07251 -0.26587  0.06445 -0.20947  0.05640  0.06445
  0.02417  0.02417 -0.03223 -0.05640  0.00806 -0.03223  0.14502 -0.19336  0.07251 -0.23364  0.04834  0.08862
  0.04028  0.01611 -0.03223 -0.06445  0.00000 -0.00806 -0.15308 -0.12891 -0.01611 -0.09668  0.01611  0.06445
  0.04834  0.02417 -0.04834 -0.05640 -0.02417 -0.11279 -1.29712  1.14404 -1.76440  1.24878  0.03223 -0.18530
 -0.08057  0.08057 -0.04028 -0.24976  0.05640 -0.05640  0.71704  0.00806  0.87817  0.67676  1.10376  0.50757
  0.00000  0.07251  0.00000 -0.21753  0.04834 -0.00806 -0.23364  0.04028 -0.06445  0.14502  0.56396  0.24170

  0.00000  0.00806  0.01611 -0.08862  0.00000 -0.02417  0.12891  0.06445  0.04834 -0.00806  0.01611  0.05640
 -0.00806  0.00000  0.03223 -0.05640  0.00806  0.00000  0.10474  0.04028  0.04028 -0.04834  0.01611  0.06445
 -0.01611  0.00000  0.01611 -0.08057  0.00806  0.00000  0.04028  0.00000  0.03223 -0.08057  0.00806  0.04834
 -0.00806  0.00000  0.01611 -0.08862  0.00806 -0.00806 -0.00806  0.00806  0.03223 -0.06445 -0.00806  0.03223
 -0.00806  0.00000  0.01611 -0.08057  0.00000 -0.01611  0.02417  0.01611  0.03223 -0.07251 -0.01611  0.05640
  0.00806  0.01611  0.03223 -0.07251  0.00806  0.00000  0.03223  0.00000  0.07251 -0.09668 -0.03223  0.04028
 -0.00806  0.00806  0.02417 -0.08862 -0.00806 -0.00806  0.04834 -0.03223  0.07251 -0.06445 -0.04028  0.04028
 -0.00806  0.00000  0.02417 -0.08057  0.00806  0.00000  0.04028 -0.04834  0.08862 -0.04834 -0.02417  0.05640
  0.00000  0.00806  0.00806 -0.08057  0.00806  0.00000  0.05640 -0.04834  0.09668 -0.05640 -0.03223  0.04834
  0.00000  0.00806  0.02417 -0.06445  0.00806  0.00000  0.05640 -0.05640  0.08862 -0.06445 -0.04834  0.03223
  0.00000  0.00000  0.01611 -0.06445 -0.00806 -0.00806  0.07251 -0.04834  0.09668 -0.06445 -0.05640  0.04028
  0.00000  0.00000  0.02417 -0.05640  0.00000  0.00000  0.08862 -0.04834  0.08862 -0.05640 -0.05640  0.05640
  0.00000 -0.00806  0.01611 -0.05640 -0.00806  0.00000  0.08862 -0.07251  0.07251 -0.05640 -0.04834  0.06445
  0.00806  0.00000  0.02417 -0.04834  0.00000  0.00806  0.09668 -0.06445  0.07251 -0.04028 -0.04028  0.05640
  0.00000  0.00806  0.02417 -0.04834  0.00806  0.01611  0.11279 -0.07251  0.07251 -0.06445 -0.05640  0.05640
  0.00000  0.00806  0.02417 -0.04834  0.00806  0.00806  0.15308 -0.08862  0.08057 -0.10474 -0.03223  0.03223
 -0.00806  0.00000  0.01611 -0.05640  0.00000 -0.00806  0.20947 -0.12085  0.12085 -0.17725 -0.04028  0.01611
  0.00000  0.00806  0.01611 -0.04834  0.00806  0.00000  0.32227 -0.18530  0.19336 -0.37866 -0.01611  0.03223
  0.01611  0.00806  0.01611 -0.01611  0.02417  0.00806  0.41895 -0.18530  0.19336 -0.49951  0.04028  0.06445
  0.01611  0.00806  0.01611 -0.03223  0.00000  0.00000  0.40283  0.02417  0.08862 -0.31421  0.02417  0.04834
  0.01611  0.00000  0.02417 -0.03223  0.00806  0.01611  0.34644  0.12891  0.00806 -0.15308  0.00000  0.04834
 -0.08057  0.02417 -0.05640 -0.08057 -0.07251 -0.10474 -0.77344  2.48145 -1.36157  1.97388  0.23364 -0.12085
 -0.02417  0.05640  0.06445 -0.18530  0.08057 -0.02417  1.07959 -0.20142  0.78955 -0.17725  0.67676  0.36255
  0.00806 -0.04834  0.05640 -0.13696 -0.03223  0.00000  0.14502 -0.29004  0.00806 -0.53979 -0.20142  0.02417

 -0.01611  0.00806  0.02417 -0.05640  0.00806  0.00000  0.03223  0.06445  0.04834 -0.06445  0.00000  0.02417
 -0.02417 -0.00806  0.01611 -0.09668  0.00000  0.00000  0.08862  0.01611  0.06445 -0.06445 -0.00806  0.03223
 -0.01611  0.00000  0.03223 -0.10474 -0.00806  0.00806  0.09668  0.00806  0.08862 -0.04834 -0.00806  0.04028
 -0.01611 -0.02417  0.02417 -0.11279 -0.00806  0.00000  0.10474 -0.01611  0.08862 -0.05640 -0.04834  0.04834
 -0.00806 -0.00806  0.02417 -0.09668 -0.00806  0.00000  0.10474 -0.02417  0.08862 -0.04834 -0.02417  0.04834
 -0.00806  0.00806  0.03223 -0.08057 -0.00806 -0.00806  0.09668 -0.04028  0.08057 -0.04834 -0.02417  0.04028
 -0.00806  0.00000  0.02417 -0.07251  0.00806  0.00000  0.09668 -0.04834  0.06445 -0.04028 -0.04028  0.04028
  0.00000  0.00000  0.01611 -0.04834  0.00806 -0.00806  0.10474 -0.03223  0.08057 -0.04834 -0.03223  0.04028
  0.00806  0.00806  0.02417 -0.04834  0.00806 -0.00806  0.09668 -0.04028  0.07251 -0.06445 -0.03223  0.03223
  0.00806  0.01611  0.03223 -0.03223  0.01611  0.00000  0.11279 -0.03223  0.08862 -0.05640 -0.05640  0.04028
  0.00000  0.00806  0.03223 -0.03223  0.00000  0.00000  0.10474 -0.02417  0.08862 -0.04834 -0.03223  0.04834
  0.00000  0.00806  0.01611 -0.04028  0.00000  0.00000  0.10474 -0.02417  0.08862 -0.04028 -0.02417  0.05640
  0.00806  0.00806  0.02417 -0.04028  0.00806  0.00000  0.10474 -0.01611  0.07251 -0.01611 -0.02417  0.04028
  0.00806  0.00806  0.01611 -0.05640  0.00806 -0.00806  0.11279 -0.02417  0.05640 -0.02417 -0.04028  0.02417
  0.00000  0.00000  0.01611 -0.05640 -0.00806 -0.00806  0.11279 -0.01611  0.06445 -0.00806 -0.03223  0.01611
  0.00000  0.00000  0.01611 -0.04834  0.00000 -0.00806  0.15308 -0.05640  0.08057 -0.08057 -0.00806  0.03223
 -0.00806  0.00000  0.01611 -0.05640  0.00806 -0.01611  0.18530 -0.10474  0.08862 -0.17725 -0.03223  0.04028
  0.00806  0.00000  0.02417 -0.04834  0.00806  0.00000  0.26587 -0.13696  0.12891 -0.24170 -0.02417  0.04834
  0.01611  0.00806  0.03223 -0.03223  0.00806  0.00806  0.35449 -0.12085  0.13696 -0.35449 -0.00806  0.08057
  0.01611  0.00000  0.02417 -0.03223  0.00806  0.01611  0.38672 -0.07251  0.11279 -0.36255 -0.01611  0.04028
  0.02417  0.00806  0.02417 -0.00806  0.00806  0.02417 -0.38672  0.03223 -0.41895  0.03223 -0.00806  0.02417
 -0.06445  0.07251 -0.04028 -0.08057 -0.04834 -0.08057 -0.37866  2.06250 -0.53174  1.74023  0.26587 -0.19336
  0.03223 -0.00806  0.07251 -0.13696  0.00806 -0.01611  0.17725 -0.20142  0.25781 -0.53979  0.35449  0.29004
 -0.07251  0.00806  0.07251 -0.15308  0.04028  0.05640 -0.04028  0.02417 -0.09668  0.23364 -0.24976 -0.13696

 -0.00806  0.00000  0.02417 -0.04834  0.00000 -0.00806  0.15308  0.08862  0.01611  0.01611  0.02417  0.05640
 -0.00806  0.00806  0.02417 -0.04028  0.00000  0.01611  0.09668  0.05640  0.00000 -0.02417  0.04028  0.07251
  0.00000  0.00806  0.00000 -0.07251 -0.01611  0.00000 -0.00806  0.04834  0.00806 -0.02417  0.01611  0.04834
 -0.01611  0.00000  0.02417 -0.09668  0.00000 -0.01611  0.04834  0.01611  0.08862 -0.04834 -0.01611  0.00000
 -0.00806  0.00000  0.02417 -0.09668  0.00000  0.00000  0.04028  0.00000  0.09668 -0.04028 -0.02417  0.02417
 -0.02417  0.00806  0.04834 -0.08057  0.00000  0.01611  0.04028 -0.00806  0.10474 -0.04028 -0.03223  0.03223
 -0.02417  0.00000  0.03223 -0.09668 -0.00806  0.00806  0.04028 -0.03223  0.10474 -0.04834 -0.03223  0.04834
 -0.00806  0.00806  0.02417 -0.08057 -0.00806  0.00806  0.05640 -0.04834  0.09668 -0.04834 -0.02417  0.05640
 -0.00806  0.00000  0.02417 -0.06445  0.00000  0.00000  0.05640 -0.05640  0.08862 -0.05640 -0.03223  0.06445
  0.00806  0.00806  0.01611 -0.05640  0.00806  0.01611  0.06445 -0.05640  0.08862 -0.05640 -0.04028  0.04834
  0.00806  0.00806  0.03223 -0.05640  0.00000  0.01611  0.07251 -0.06445  0.08862 -0.06445 -0.04028  0.05640
  0.00806  0.01611  0.02417 -0.05640  0.00000  0.00806  0.08057 -0.06445  0.08862 -0.05640 -0.04834  0.05640
 -0.00806  0.00000  0.03223 -0.04834  0.00000  0.00000  0.09668 -0.07251  0.09668 -0.05640 -0.04834  0.04834
 -0.00806  0.00000  0.04028 -0.04834  0.00806  0.00806  0.12085 -0.08862  0.10474 -0.07251 -0.04834  0.04834
 -0.00806  0.00000  0.04028 -0.05640  0.00806  0.00806  0.16919 -0.10474  0.10474 -0.12085 -0.04028  0.04834
 -0.03223  0.00000  0.02417 -0.07251  0.00000  0.00806  0.22559 -0.15308  0.13696 -0.21753 -0.04028  0.02417
  0.00000  0.00806  0.02417 -0.06445  0.00806  0.00000  0.28198 -0.18530  0.16113 -0.26587 -0.01611  0.03223
  0.00000  0.01611  0.03223 -0.07251  0.00806  0.00000  0.33838 -0.20142  0.18530 -0.33032 -0.00806  0.04028
  0.00000  0.00000  0.03223 -0.05640  0.01611  0.01611  0.36255 -0.15308  0.18530 -0.41089 -0.00806  0.05640
  0.00806  0.00000  0.04028 -0.05640  0.01611  0.03223  0.37866  0.01611  0.08862 -0.28198 -0.00806  0.05640
  0.00000 -0.00806  0.04028 -0.05640  0.00000  0.02417  0.34644  0.05640 -0.08057 -0.12891 -0.03223  0.00806
 -0.07251  0.00806  0.01611 -0.09668 -0.09668 -0.11279 -1.03125  2.56201 -2.15112  2.19141 -0.01611 -0.10474
  0.02417  0.05640  0.13696 -0.18530  0.07251  0.01611  0.74121 -0.48340  0.57202 -0.70898  0.41895  0.30615
 -0.04028  0.01611  0.08862 -0.13696  0.02417  0.08057 -0.10474  0.08862 -0.16919  0.10474 -0.35449 -0.20142

  0.00806  0.02417  0.01611 -0.04834  0.00806 -0.00806  0.15308  0.11279  0.04834  0.04028  0.05640  0.05640
  0.00000  0.02417  0.02417 -0.04028  0.00806  0.00000  0.08862  0.07251  0.04028 -0.01611  0.03223  0.07251
  0.00000  0.00806  0.01611 -0.05640  0.00000  0.00000  0.01611  0.06445  0.04028 -0.05640  0.01611  0.07251
  0.00000  0.00806  0.00806 -0.08057  0.00000 -0.00806  0.00806  0.04028  0.04028 -0.05640  0.00000  0.04834
 -0.00806  0.00000  0.01611 -0.09668 -0.00806 -0.00806  0.04834  0.01611  0.06445 -0.05640 -0.00806  0.04028
 -0.01611  0.00000  0.02417 -0.10474 -0.00806  0.00000  0.05640 -0.01611  0.07251 -0.05640 -0.01611  0.05640
 -0.03223 -0.01611  0.02417 -0.09668 -0.00806 -0.01611  0.03223 -0.04028  0.08057 -0.06445 -0.02417  0.04028
 -0.01611  0.00000  0.02417 -0.07251  0.00806 -0.00806  0.05640 -0.03223  0.08862 -0.06445 -0.03223  0.04834
 -0.00806  0.00000  0.03223 -0.07251  0.00000 -0.00806  0.06445 -0.04028  0.08862 -0.05640 -0.04028  0.05640
  0.00000  0.00806  0.03223 -0.06445  0.00000  0.00806  0.07251 -0.04028  0.08862 -0.04834 -0.04028  0.04834
 -0.00806  0.00000  0.02417 -0.08862 -0.00806 -0.01611  0.07251 -0.04834  0.08862 -0.06445 -0.04028  0.04028
  0.00000  0.00806  0.02417 -0.05640 -0.00806  0.00806  0.09668 -0.04028  0.08862 -0.05640 -0.03223  0.04834
  0.00000  0.00000  0.02417 -0.04834  0.00806  0.00000  0.09668 -0.03223  0.08862 -0.04834 -0.02417  0.03223
  0.00000 -0.02417  0.02417 -0.04834  0.00000 -0.00806  0.09668 -0.04028  0.08057 -0.04028 -0.04834  0.04028
  0.00000  0.00806  0.02417 -0.04834  0.00000  0.00000  0.12085 -0.02417  0.08862 -0.02417 -0.04028  0.04834
  0.00000  0.00000  0.02417 -0.04834  0.00000  0.00000  0.13696 -0.03223  0.08057 -0.04028 -0.04028  0.04028
  0.00000  0.00000  0.03223 -0.04834  0.00000  0.00000  0.15308 -0.05640  0.07251 -0.03223 -0.01611  0.02417
  0.00000  0.00806  0.04834 -0.03223  0.01611  0.00806  0.23364 -0.09668  0.12085 -0.17725 -0.01611  0.04834
  0.00806  0.00806  0.02417 -0.04028  0.02417  0.00806  0.37866 -0.20947  0.19336 -0.36255 -0.01611  0.04028
  0.01611  0.00806  0.02417 -0.04028  0.00806  0.00806  0.45117 -0.15308  0.20142 -0.44312 -0.00806  0.07251
  0.01611  0.00806  0.03223 -0.03223  0.00806  0.02417  0.36255  0.04028  0.08057 -0.22559 -0.04834  0.05640
 -0.03223 -0.02417  0.04028 -0.04028 -0.09668 -0.08862 -1.61133  1.68384 -2.39282  1.61133 -0.10474 -0.08057
 -0.02417  0.04834  0.07251 -0.17725  0.08862  0.00000  1.02319 -0.25781  0.84595 -0.24976  0.78149  0.48340
 -0.04028  0.03223  0.07251 -0.13696  0.04028  0.06445 -0.04028 -0.01611 -0.16919  0.20142 -0.21753 -0.17725

 -0.01611  0.00000  0.02417 -0.09668 -0.00806  0.00000  0.01611  0.07251  0.02417  0.02417  0.00000  0.04028
 -0.02417  0.00000  0.02417 -0.09668  0.00806 -0.00806  0.04028  0.07251  0.04834  0.00806  0.02417  0.05640
 -0.02417 -0.00806  0.02417 -0.08862  0.00806 -0.00806  0.06445  0.04028  0.08057 -0.02417  0.00000  0.02417
 -0.02417 -0.00806  0.02417 -0.09668 -0.00806 -0.00806  0.07251  0.02417  0.08862 -0.01611 -0.00806  0.04834
 -0.00806  0.00806  0.03223 -0.08862 -0.00806  0.00000  0.05640  0.01611  0.09668 -0.00806 -0.02417  0.04834
 -0.00806  0.00806  0.03223 -0.05640  0.00806  0.00806  0.07251  0.01611  0.11279 -0.04028 -0.04028  0.04028
 -0.00806  0.00000  0.02417 -0.06445  0.00000  0.00000  0.07251  0.00000  0.10474 -0.00806 -0.02417  0.05640
  0.00000  0.00806  0.01611 -0.04834  0.00806  0.00000  0.08057 -0.00806  0.08862  0.00000 -0.03223  0.04834
  0.00000  0.00000  0.01611 -0.04028 -0.00806 -0.00806  0.08862 -0.01611  0.08862 -0.01611 -0.04028  0.04028
  0.00806  0.00000  0.02417 -0.03223 -0.00806  0.00000  0.08862 -0.03223  0.08862 -0.03223 -0.04834  0.03223
  0.00000  0.00000  0.01611 -0.04028  0.00000  0.00000  0.10474 -0.02417  0.09668 -0.04834 -0.04834  0.04028
  0.00000  0.00000  0.02417 -0.04028  0.00000  0.00000  0.12085 -0.03223  0.08862 -0.04028 -0.04834  0.03223
  0.00000 -0.00806  0.01611 -0.04834 -0.00806 -0.00806  0.11279 -0.04834  0.08057 -0.03223 -0.04028  0.04028
  0.00000  0.00806  0.02417 -0.04028 -0.00806 -0.00806  0.12891 -0.05640  0.07251 -0.03223 -0.04834  0.04028
  0.00000  0.01611  0.03223 -0.04028 -0.00806 -0.00806  0.12891 -0.05640  0.06445 -0.03223 -0.04834  0.03223
 -0.00806  0.00000  0.01611 -0.05640  0.00806  0.00000  0.15308 -0.06445  0.06445 -0.04028 -0.04834  0.02417
  0.00000  0.00000  0.02417 -0.05640  0.01611  0.00806  0.17725 -0.08057  0.07251 -0.07251 -0.03223  0.00806
 -0.00806  0.00000  0.01611 -0.05640  0.00000  0.00000  0.22559 -0.09668  0.10474 -0.15308 -0.03223  0.02417
  0.00000  0.00000  0.02417 -0.05640  0.00000  0.00000  0.29004 -0.13696  0.13696 -0.24170 -0.03223  0.01611
  0.00806  0.00806  0.03223 -0.04028  0.00806  0.00806  0.35449 -0.08057  0.11279 -0.29004  0.00000  0.07251
  0.00806  0.00000  0.02417 -0.04834  0.01611  0.02417  0.37061  0.04028  0.05640 -0.22559 -0.00806  0.06445
  0.01611  0.00806  0.07251 -0.03223 -0.02417 -0.03223 -1.84497  0.54785 -0.79761  0.83789  0.00806  0.12891
  0.01611 -0.04028  0.06445 -0.11279 -0.02417  0.01611  0.02417 -0.25781  0.01611 -0.57202 -0.12891  0.08862
 -0.03223  0.02417  0.08862 -0.07251  0.04028  0.10474  0.11279 -0.00806  0.00806  0.15308 -0.24170 -0.10474

  0.00806  0.00806  0.02417 -0.03223  0.00806 -0.00806  0.14502  0.10474  0.03223  0.06445  0.05640  0.05640
 -0.00806  0.00806  0.02417 -0.04028  0.00000  0.00000  0.09668  0.08862  0.02417  0.00000  0.03223  0.06445
 -0.00806 -0.00806  0.01611 -0.08862 -0.00806 -0.00806  0.04834  0.05640  0.04834 -0.01611  0.00806  0.03223
 -0.00806  0.00806  0.02417 -0.09668 -0.00806 -0.01611  0.05640  0.02417  0.08057 -0.04028  0.00000  0.02417
 -0.00806  0.00806  0.03223 -0.08862 -0.00806 -0.00806  0.06445  0.00000  0.08057 -0.04028 -0.01611  0.03223
 -0.00806  0.00806  0.03223 -0.07251  0.00806  0.00000  0.06445 -0.00806  0.10474 -0.03223 -0.01611  0.04028
 -0.00806  0.00000  0.02417 -0.07251  0.00806  0.00806  0.07251 -0.03223  0.09668 -0.03223 -0.04834  0.04028
  0.00000  0.00000  0.02417 -0.04834  0.00806  0.00000  0.08057 -0.03223  0.10474 -0.03223 -0.04834  0.04834
  0.00000  0.00000  0.02417 -0.05640  0.00806  0.00806  0.08057 -0.04834  0.09668 -0.02417 -0.04834  0.04834
  0.00000  0.00000  0.02417 -0.04834  0.00806  0.00806  0.08862 -0.04028  0.11279 -0.04028 -0.05640  0.04834
  0.00806  0.00806  0.03223 -0.04028  0.00806  0.01611  0.09668 -0.05640  0.11279 -0.05640 -0.04834  0.05640
  0.00000  0.00806  0.01611 -0.04834  0.00000  0.00000  0.08862 -0.07251  0.09668 -0.05640 -0.04834  0.05640
  0.00000  0.00806  0.01611 -0.04834  0.00000  0.00000  0.09668 -0.07251  0.08862 -0.04834 -0.04028  0.05640
  0.00806  0.00806  0.02417 -0.05640  0.00806 -0.00806  0.10474 -0.07251  0.06445 -0.04834 -0.04834  0.02417
  0.00000  0.00000  0.01611 -0.04834  0.00000  0.00000  0.11279 -0.05640  0.06445 -0.04028 -0.05640  0.01611
 -0.00806  0.00000  0.03223 -0.05640  0.00806  0.00000  0.13696 -0.07251  0.08057 -0.05640 -0.03223  0.02417
 -0.00806  0.00806  0.02417 -0.04834  0.02417  0.00806  0.20142 -0.10474  0.10474 -0.15308 -0.01611  0.04028
 -0.00806  0.00000  0.02417 -0.06445  0.00806  0.00000  0.25781 -0.17725  0.13696 -0.27393 -0.03223  0.02417
  0.01611  0.01611  0.01611 -0.05640  0.00806  0.00806  0.32227 -0.19336  0.16113 -0.32227 -0.00806  0.05640
  0.01611  0.01611  0.03223 -0.03223  0.01611  0.02417  0.40283 -0.07251  0.12891 -0.35449 -0.01611  0.06445
  0.02417  0.00806  0.03223 -0.04028  0.00000  0.04028  0.19336  0.09668 -0.02417 -0.14502 -0.02417  0.08057
 -0.02417 -0.00806  0.02417 -0.04028 -0.08057 -0.08862 -1.48242  1.94165 -2.00610  1.68384 -0.05640 -0.12891
 -0.01611  0.05640  0.08057 -0.17725  0.09668  0.00000  0.98291 -0.22559  0.78955 -0.12891  0.87012  0.52368
 -0.03223  0.01611  0.09668 -0.08057  0.08057  0.13696  0.16919 -0.07251  0.13696  0.08862 -0.41895  0.01611

 -0.00806  0.01611  0.02417 -0.04834  0.00806 -0.00806  0.22559  0.10474  0.02417  0.06445  0.02417  0.01611
  0.02417  0.03223  0.03223 -0.03223  0.02417 -0.00806  0.22559  0.12085  0.02417  0.04028  0.03223  0.02417
  0.00806  0.02417  0.02417 -0.04834  0.00000 -0.01611  0.22559  0.14502  0.02417  0.07251  0.05640  0.04028
 -0.03223  0.00806  0.01611 -0.04834  0.00806 -0.00806  0.16113  0.12891  0.04028  0.09668  0.04834  0.03223
 -0.01611  0.00806  0.02417 -0.06445  0.00806  0.00806  0.12085  0.10474  0.02417  0.05640  0.03223  0.05640
 -0.00806 -0.00806  0.02417 -0.07251  0.00000  0.00000  0.08862  0.11279  0.01611  0.04028  0.03223  0.05640
 -0.01611  0.01611  0.04028 -0.08862 -0.00806  0.00000  0.03223  0.10474  0.01611  0.03223  0.02417  0.04834
 -0.01611  0.00806  0.03223 -0.08862  0.00000  0.00000  0.05640  0.08862  0.04834  0.00806  0.00000  0.03223
 -0.02417  0.00000  0.03223 -0.08057  0.00806  0.00806  0.07251  0.08057  0.08057 -0.00806  0.02417  0.04834
 -0.01611  0.00806  0.02417 -0.09668  0.00000  0.00000  0.08057  0.01611  0.08862 -0.03223  0.01611  0.05640
 -0.00806 -0.00806  0.02417 -0.08057  0.00000 -0.00806  0.05640 -0.00806  0.10474 -0.04028 -0.00806  0.04028
  0.00000  0.00000  0.02417 -0.05640  0.00806 -0.00806  0.08862 -0.01611  0.11279 -0.04028 -0.03223  0.04834
  0.00000  0.00806  0.04028 -0.04028  0.00000  0.00000  0.08862 -0.02417  0.09668 -0.04028 -0.04028  0.04028
  0.00806  0.00000  0.02417 -0.04834  0.00806  0.00000  0.09668 -0.04028  0.10474 -0.03223 -0.04834  0.04028
  0.00806  0.01611  0.04028 -0.02417  0.00806  0.00806  0.10474 -0.04028  0.10474 -0.03223 -0.04834  0.03223
 -0.00806  0.00806  0.03223 -0.03223  0.00000  0.00000  0.11279 -0.06445  0.10474 -0.06445 -0.06445  0.02417
  0.00000  0.00806  0.03223 -0.00806  0.01611  0.01611  0.12891 -0.05640  0.12085 -0.07251 -0.05640  0.04834
  0.00806  0.00806  0.02417 -0.04028  0.00806  0.00000  0.12085 -0.08057  0.10474 -0.06445 -0.06445  0.04834
  0.00806  0.00000  0.01611 -0.05640 -0.00806  0.00000  0.12085 -0.08862  0.08862 -0.08057 -0.05640  0.04028
  0.00806  0.00806  0.01611 -0.05640  0.00000  0.00000  0.13696 -0.08862  0.08862 -0.07251 -0.04834  0.03223
  0.00806  0.00000  0.02417 -0.04834  0.00000  0.00000  0.15308 -0.08862  0.10474 -0.06445 -0.04834  0.03223
  0.00000  0.00000  0.04028 -0.05640  0.00000  0.00806  0.17725 -0.09668  0.08862 -0.08862 -0.04028  0.03223
 -0.01611  0.00000  0.02417 -0.06445  0.00000  0.00000  0.21753 -0.11279  0.09668 -0.14502 -0.04028  0.02417
 -0.00806  0.00000  0.03223 -0.06445  0.00000  0.00806  0.24170 -0.12085  0.10474 -0.18530 -0.03223  0.01611

  0.00000  0.01611  0.01611 -0.06445  0.00806 -0.00806  0.03223  0.08057  0.03223 -0.00806  0.02417  0.05640
 -0.00806 -0.00806  0.00806 -0.06445 -0.00806 -0.01611  0.04834  0.04834  0.08862 -0.04028  0.00000  0.02417
 -0.00806  0.00806  0.01611 -0.06445 -0.00806 -0.01611  0.05640  0.03223  0.10474 -0.03223  0.00806  0.04028
  0.00000  0.00000  0.01611 -0.06445  0.00000 -0.00806  0.06445  0.02417  0.09668 -0.01611 -0.01611  0.04834
  0.00000  0.00000  0.01611 -0.05640 -0.00806 -0.00806  0.07251  0.00000  0.11279 -0.01611 -0.02417  0.06445
  0.00000  0.00000  0.02417 -0.04834  0.00000 -0.00806  0.06445 -0.01611  0.09668 -0.04028 -0.04028  0.05640
 -0.00806  0.00000  0.02417 -0.05640  0.00000  0.00000  0.07251 -0.04028  0.10474 -0.04028 -0.04028  0.04834
  0.00000  0.00000  0.03223 -0.06445 -0.00806  0.00000  0.08862 -0.05640  0.09668 -0.05640 -0.05640  0.05640
  0.00000  0.00000  0.03223 -0.05640  0.00000  0.00000  0.08862 -0.07251  0.09668 -0.06445 -0.05640  0.04028
  0.00000  0.00000  0.02417 -0.05640  0.00000  0.00806  0.11279 -0.08057  0.08862 -0.07251 -0.05640  0.02417
 -0.00806  0.00000  0.01611 -0.06445  0.00000  0.00000  0.12891 -0.08862  0.08862 -0.08057 -0.06445  0.03223
 -0.00806  0.02417  0.03223 -0.04834  0.00806  0.00806  0.12891 -0.08057  0.09668 -0.06445 -0.04834  0.03223
  0.00000  0.00000  0.02417 -0.05640  0.00000  0.00000  0.12891 -0.08057  0.08862 -0.06445 -0.04028  0.01611
  0.00000  0.00000  0.02417 -0.04834  0.00806  0.00806  0.13696 -0.08057  0.08862 -0.08057 -0.04028  0.03223
 -0.00806  0.00000  0.01611 -0.04834  0.00806  0.00000  0.15308 -0.06445  0.06445 -0.05640 -0.04028  0.03223
 -0.00806 -0.00806  0.01611 -0.05640  0.00000 -0.01611  0.16919 -0.06445  0.05640 -0.07251 -0.02417  0.03223
  0.00000  0.00000  0.02417 -0.04834  0.00000 -0.00806  0.20142 -0.06445  0.07251 -0.12085  0.00000  0.03223
  0.00806  0.00806  0.02417 -0.05640  0.00000  0.00000  0.21753 -0.09668  0.08057 -0.16113 -0.00806  0.04028
  0.00806  0.02417  0.02417 -0.04834  0.00806  0.00000  0.32227 -0.13696  0.12085 -0.29004  0.00000  0.08862
  0.00806  0.00000  0.02417 -0.03223  0.01611  0.00806  0.36255 -0.12085  0.14502 -0.35449  0.00000  0.08057
  0.01611  0.00000  0.01611 -0.01611  0.01611  0.01611  0.41089  0.05640  0.07251 -0.22559 -0.03223  0.09668
  0.02417  0.00806  0.05640 -0.02417 -0.03223 -0.04834 -1.97388  0.47534 -0.74121  0.77344 -0.00806  0.16919
 -0.09668  0.12085 -0.01611 -0.19336  0.12891 -0.01611  1.10376  0.14502  1.34546  0.97485  0.91040  0.26587
  0.01611 -0.05640  0.08057 -0.10474 -0.06445  0.00000 -0.15308 -0.19336 -0.12085 -0.68481 -0.12085  0.03223

 -0.00806  0.02417  0.02417 -0.04834  0.01611 -0.00806  0.20142  0.13696  0.04028  0.03223  0.08057  0.02417
  0.00806  0.03223  0.01611 -0.05640  0.01611 -0.02417  0.21753  0.17725  0.12891  0.10474  0.08862  0.05640
 -0.01611  0.01611  0.01611 -0.08057  0.00806 -0.02417  0.18530  0.13696  0.07251  0.12085  0.06445  0.04834
 -0.02417  0.00806  0.01611 -0.08862  0.00000 -0.01611  0.12085  0.11279  0.04834  0.05640  0.04834  0.07251
 -0.04028 -0.00806  0.02417 -0.09668 -0.00806 -0.01611  0.01611  0.10474  0.02417 -0.00806  0.04028  0.08057
 -0.01611  0.00806  0.01611 -0.11279  0.00806 -0.01611 -0.00806  0.08862  0.00806 -0.01611  0.02417  0.07251
 -0.02417 -0.01611  0.02417 -0.11279 -0.00806 -0.02417  0.03223  0.06445  0.01611 -0.02417  0.02417  0.07251
 -0.03223 -0.00806  0.01611 -0.09668 -0.00806 -0.02417  0.04028  0.01611  0.06445 -0.02417  0.00000  0.01611
 -0.02417  0.00000  0.02417 -0.08057  0.00000 -0.00806  0.04834 -0.00806  0.07251 -0.03223 -0.00806  0.04028
 -0.01611  0.00000  0.02417 -0.06445  0.00000 -0.00806  0.04028 -0.02417  0.08862 -0.03223 -0.04028  0.04834
 -0.00806  0.00000  0.03223 -0.05640  0.00000  0.00000  0.07251 -0.04028  0.11279 -0.04834 -0.04834  0.05640
  0.00806  0.00806  0.03223 -0.05640 -0.00806  0.00806  0.08057 -0.05640  0.11279 -0.04028 -0.05640  0.04028
  0.00000  0.00806  0.02417 -0.05640  0.00000 -0.00806  0.09668 -0.06445  0.11279 -0.04028 -0.07251  0.04028
  0.00000  0.00000  0.01611 -0.04834 -0.00806  0.00000  0.09668 -0.08057  0.12891 -0.04028 -0.06445  0.04834
  0.00000  0.00000  0.02417 -0.04834  0.00000  0.00000  0.10474 -0.08862  0.12085 -0.04834 -0.05640  0.04834
  0.00000  0.00000  0.02417 -0.04834  0.00806  0.02417  0.12085 -0.08862  0.12085 -0.04028 -0.05640  0.05640
  0.00000 -0.00806  0.02417 -0.05640  0.00806  0.00806  0.09668 -0.10474  0.08862 -0.05640 -0.07251  0.04028
  0.00806  0.00000  0.02417 -0.04834  0.00806  0.00000  0.11279 -0.09668  0.07251 -0.05640 -0.06445  0.03223
  0.00806  0.01611  0.03223 -0.04834  0.00000  0.00000  0.12085 -0.10474  0.07251 -0.06445 -0.05640  0.01611
  0.00806  0.01611  0.03223 -0.04834  0.00000  0.00000  0.14502 -0.11279  0.07251 -0.09668 -0.04834  0.00806
  0.00806  0.00806  0.03223 -0.04028 -0.02417 -0.00806  0.13696 -0.12085  0.07251 -0.10474 -0.04028  0.01611
  0.00806  0.00806  0.01611 -0.04834  0.00000  0.00000  0.17725 -0.12891  0.08862 -0.15308 -0.04834  0.00000
  0.00806  0.00000  0.01611 -0.04834  0.00806  0.00000  0.22559 -0.15308  0.12891 -0.22559 -0.04028  0.02417
  0.01611  0.00000  0.02417 -0.04834  0.00806  0.00806  0.29004 -0.14502  0.13696 -0.29810 -0.01611  0.07251

  0.00806  0.00806  0.01611 -0.04834  0.00806 -0.01611  0.20142  0.11279  0.03223  0.12085  0.04834  0.04028
  0.00000  0.01611  0.01611 -0.07251  0.01611 -0.03223  0.22559  0.16919  0.08862  0.11279  0.05640  0.05640
 -0.00806  0.00806  0.00806 -0.08057  0.00000 -0.02417  0.17725  0.13696  0.05640  0.12891  0.04834  0.06445
 -0.01611  0.00000  0.01611 -0.08057  0.00000 -0.00806  0.10474  0.12085  0.02417  0.07251  0.04028  0.07251
  0.00000  0.00806  0.01611 -0.08057 -0.00806 -0.00806  0.04834  0.11279  0.02417  0.04834  0.03223  0.07251
  0.00000  0.00806  0.02417 -0.08057 -0.00806  0.00000 -0.03223  0.11279  0.02417  0.00806  0.01611  0.05640
 -0.01611  0.00000  0.01611 -0.06445  0.00000 -0.02417  0.01611  0.08862  0.04834 -0.03223  0.04028  0.05640
  0.00000 -0.00806  0.00806 -0.05640  0.00000 -0.02417  0.04834  0.04028  0.06445 -0.04028  0.01611  0.04028
 -0.00806  0.00000  0.00806 -0.04028 -0.00806 -0.01611  0.04834  0.00806  0.06445 -0.04028 -0.00806  0.06445
  0.00000  0.00000  0.01611 -0.04028  0.00000 -0.00806  0.05640 -0.01611  0.09668 -0.04834 -0.04028  0.06445
  0.00806  0.00806  0.03223 -0.04834 -0.00806  0.00000  0.08057 -0.02417  0.10474 -0.05640 -0.04028  0.05640
  0.01611  0.00000  0.01611 -0.03223 -0.00806  0.00000  0.08057 -0.03223  0.10474 -0.04028 -0.03223  0.05640
  0.00806  0.00000  0.01611 -0.03223  0.00806  0.00000  0.08862 -0.05640  0.10474 -0.02417 -0.04834  0.04834
  0.00000  0.00000  0.01611 -0.03223 -0.00806 -0.00806  0.10474 -0.05640  0.10474 -0.04028 -0.05640  0.04028
 -0.00806 -0.01611  0.02417 -0.05640 -0.00806  0.00806  0.11279 -0.06445  0.11279 -0.04028 -0.04834  0.04834
 -0.00806 -0.01611  0.01611 -0.05640 -0.00806 -0.00806  0.11279 -0.08057  0.08862 -0.04834 -0.04834  0.04028
 -0.02417  0.00806  0.02417 -0.07251 -0.00806 -0.00806  0.09668 -0.08057  0.08862 -0.04028 -0.04834  0.04028
 -0.01611  0.00000  0.01611 -0.07251  0.00000 -0.00806  0.10474 -0.07251  0.07251 -0.03223 -0.03223  0.04834
 -0.01611  0.00000  0.01611 -0.05640  0.00000 -0.00806  0.10474 -0.06445  0.05640 -0.04028 -0.03223  0.04834
 -0.01611  0.00000  0.03223 -0.06445 -0.00806 -0.00806  0.10474 -0.05640  0.04834 -0.03223 -0.03223  0.04028
 -0.00806 -0.00806  0.01611 -0.05640  0.00000 -0.01611  0.11279 -0.05640  0.04028 -0.04028 -0.04028  0.02417
 -0.00806  0.00806  0.00000 -0.06445 -0.00806 -0.01611  0.11279 -0.05640  0.04834 -0.03223 -0.04028  0.01611
 -0.01611  0.00000  0.00806 -0.05640  0.00000 -0.01611  0.16113 -0.07251  0.08057 -0.08057 -0.03223  0.03223
  0.01611  0.02417  0.02417 -0.04028  0.01611  0.00000  0.24976 -0.14502  0.15308 -0.22559 -0.03223  0.08057

