  0.02924  0.03091  0.10555  0.04910  0.40568  0.11457  0.00032  0.00316  0.00079  0.06499  0.00722  0.01172
  0.41262  5.38686  0.64809  2.49956  1.72521  0.11274  0.02273  0.00515  0.00316  0.13006  0.00088  0.01052
  0.41227  0.10139  0.06826  0.90385  0.20536  0.04938  0.01314  0.00163  0.00287  0.04643  0.00302  0.00345
  0.10214  0.03375  0.10274  0.06136  0.03617  0.07600  0.00000  0.00266  0.00317  0.00110  0.00295  0.00619
  0.10459  0.01884  0.04622  0.02194  0.00198  0.00540  0.00000  0.00112  0.00078  0.00264  0.00101  0.00000
  0.06213  0.02802  0.01379  0.12172  0.05645  0.00467  0.00000  0.00000  0.00000  0.00153  0.00000  0.00000
  0.00084  0.02070  0.01103  0.08935  0.02037  0.01078  0.00000  0.00000  0.00000  0.00000  0.00034  0.00040
  0.00216  0.01534  0.00499  0.03599  0.04241  0.00110  0.00000  0.00000  0.00000  0.00031  0.00000  0.00000

  0.57356  5.18025  0.32972  1.81715  1.13969  0.01274  0.00372  0.00198  0.00049  0.07784  0.01103  0.00471
  0.02308  0.34181  0.13847  0.11149  0.35431  0.00913  0.00232  0.00041  0.00091  0.01259  0.00000  0.00610
  0.01263  0.01578  0.01986  0.01349  0.11523  0.00000  0.00296  0.00041  0.00000  0.02633  0.00156  0.00079
  0.00419  0.00290  0.00693  0.00512  0.03260  0.00129  0.00053  0.00000  0.00054  0.00656  0.00070  0.00000
  0.00111  0.00000  0.00182  0.00465  0.00099  0.00345  0.00000  0.00000  0.00000  0.00264  0.00000  0.00000
  0.00060  0.00119  0.00042  0.00575  0.00342  0.00086  0.00000  0.00000  0.00000  0.00050  0.00000  0.00050
  0.00034  0.00000  0.00000  0.00300  0.00257  0.00000  0.00000  0.00000  0.00000  0.00059  0.00000  0.00000
  0.00000  0.00036  0.00000  0.00280  0.00329  0.00000  0.00000  0.00000  0.00000  0.00000  0.00000  0.00000

  0.75380  0.32119  0.00281  0.02055  0.45376  0.00860  0.00121  0.00179  0.00105  0.04734  0.00936  0.00858
  0.06547  1.01150  0.11504  0.51157  0.20390  0.02207  0.00000  0.00187  0.00100  0.00370  0.00195  0.00249
  0.00463  0.15947  0.02070  0.10510  0.03619  0.00306  0.00054  0.00000  0.00065  0.00198  0.00037  0.00134
  0.00038  0.05399  0.00206  0.02043  0.01337  0.00067  0.00000  0.00000  0.00000  0.00036  0.00000  0.00000
  0.00083  0.04337  0.00234  0.02327  0.00766  0.00000  0.00000  0.00000  0.00033  0.00000  0.00000  0.00000
  0.00000  0.02340  0.00264  0.01619  0.00329  0.00000  0.00000  0.00000  0.00000  0.00000  0.00000  0.00000
  0.00000  0.02592  0.00194  0.01994  0.00580  0.00059  0.00000  0.00000  0.00000  0.00000  0.00000  0.00000
  0.00038  0.01538  0.00115  0.00979  0.00431  0.00037  0.00000  0.00000  0.00000  0.00000  0.00000  0.00000

  0.81502  2.23150  0.07447  0.51473  0.88311  0.04304  0.00532  0.00325  0.00101  0.05313  0.00938  0.00359
  0.10098  2.26956  0.24354  1.23403  0.44307  0.00283  0.00837  0.00207  0.00322  0.04020  0.00000  0.01396
  0.02406  0.24278  0.02358  0.18799  0.05447  0.00189  0.00000  0.00032  0.00211  0.00059  0.00105  0.00243
  0.00069  0.13451  0.00634  0.04593  0.04135  0.00056  0.00000  0.00071  0.00000  0.00120  0.00045  0.00059
  0.00053  0.08541  0.00296  0.05095  0.03568  0.00056  0.00000  0.00000  0.00000  0.00105  0.00086  0.00053
  0.00076  0.06048  0.00224  0.02822  0.03613  0.00000  0.00000  0.00000  0.00033  0.00000  0.00000  0.00064
  0.00000  0.03663  0.00062  0.01757  0.02214  0.00000  0.00000  0.00000  0.00000  0.00000  0.00000  0.00000
  0.00052  0.04068  0.00188  0.01896  0.01986  0.00000  0.00000  0.00000  0.00000  0.00000  0.00000  0.00000

  0.65834  3.54461  0.19476  0.83831  1.45560  0.00095  0.01140  0.00442  0.00692  0.02350  0.00742  0.00936
  0.08214  2.20340  0.27481  1.25918  0.42638  0.01532  0.00410  0.00126  0.00267  0.01240  0.00063  0.00857
  0.00489  0.21408  0.01147  0.10631  0.07588  0.00342  0.00362  0.00031  0.00000  0.02204  0.00217  0.00000
  0.00295  0.05291  0.00277  0.05476  0.03968  0.00044  0.00090  0.00000  0.00031  0.00329  0.00000  0.00156
  0.00211  0.03254  0.00281  0.03721  0.02176  0.00000  0.00039  0.00000  0.00146  0.00118  0.00069  0.00127
  0.00079  0.01493  0.00110  0.01281  0.01341  0.00000  0.00000  0.00000  0.00040  0.00000  0.00000  0.00000
  0.00103  0.01433  0.00353  0.01844  0.00389  0.00053  0.00000  0.00000  0.00000  0.00000  0.00000  0.00000
  0.00084  0.00971  0.00059  0.00667  0.00162  0.00000  0.00000  0.00000  0.00000  0.00000  0.00000  0.00000

  0.61706  5.35068  0.23369  1.76505  1.09828  0.00166  0.00190  0.00276  0.00118  0.10619  0.00984  0.00273
  0.04068  1.88918  0.24683  0.99723  0.73139  0.03871  0.00165  0.00094  0.00181  0.00971  0.00083  0.01318
  0.00540  0.02534  0.01203  0.01687  0.18537  0.00088  0.00544  0.00039  0.00200  0.03963  0.00305  0.00165
  0.00297  0.00725  0.00000  0.00977  0.09779  0.00119  0.00061  0.00000  0.00152  0.00688  0.00071  0.00082
  0.00221  0.00592  0.00124  0.00203  0.02075  0.00448  0.00059  0.00000  0.00036  0.00612  0.00000  0.00000
  0.00076  0.00071  0.00037  0.00450  0.00369  0.00304  0.00000  0.00000  0.00000  0.00039  0.00000  0.00000
  0.00000  0.00171  0.00000  0.00370  0.01668  0.00129  0.00000  0.00000  0.00054  0.00057  0.00000  0.00000
  0.00000  0.00260  0.00000  0.00404  0.01092  0.00030  0.00000  0.00000  0.00031  0.00116  0.00000  0.00030

  0.45259  0.25746  0.00390  0.70171  0.23505  0.11062  0.00203  0.00120  0.00032  0.15061  0.01475  0.01409
  0.37069  6.45264  1.33375  1.36291  2.29568  0.11565  0.01854  0.00417  0.00106  0.12378  0.00035  0.01317
  0.48566  0.39500  0.15608  0.71507  0.17076  0.01736  0.01728  0.00343  0.00377  0.07854  0.00685  0.00693
  0.40359  0.09159  0.06761  0.20848  0.08425  0.04033  0.00111  0.00337  0.00090  0.01727  0.00170  0.00340
  0.18495  0.18040  0.01143  0.27233  0.15459  0.04411  0.00000  0.00162  0.00067  0.00157  0.00254  0.00044
  0.00803  0.05825  0.00739  0.13154  0.00532  0.01641  0.00075  0.00045  0.00000  0.00585  0.00266  0.00041
  0.00000  0.02750  0.01515  0.07224  0.02353  0.00346  0.00000  0.00000  0.00060  0.00105  0.00206  0.00000
  0.01013  0.06733  0.00973  0.05082  0.02150  0.00264  0.00030  0.00032  0.00077  0.00105  0.00153  0.00066

  0.09981  0.19280  0.00819  0.12867  0.49027  0.18451  0.00101  0.00092  0.00127  0.11298  0.01143  0.01513
  0.57632  4.14494  0.80799  1.06106  1.47345  0.15893  0.03702  0.00415  0.00000  0.17265  0.00106  0.00881
  0.46584  0.34241  0.10596  0.83778  0.33310  0.02010  0.00725  0.00324  0.00500  0.02282  0.00497  0.00618
  0.19624  0.18063  0.06268  0.35999  0.02744  0.02872  0.00201  0.00297  0.00311  0.01300  0.00074  0.00604
  0.03447  0.04888  0.00306  0.31381  0.02658  0.00114  0.00312  0.00070  0.00000  0.01083  0.00546  0.00000
  0.03307  0.07844  0.02094  0.00147  0.02309  0.00248  0.00000  0.00000  0.00000  0.00000  0.00000  0.00000
  0.00241  0.07617  0.03111  0.07006  0.06510  0.00413  0.00000  0.00000  0.00000  0.00000  0.00000  0.00000
  0.01027  0.00426  0.01225  0.06846  0.00442  0.00071  0.00060  0.00000  0.00000  0.00150  0.00049  0.00000

  0.24556  0.18001  0.02509  0.46064  0.04441  0.17412  0.00084  0.00127  0.00053  0.17452  0.01413  0.00949
  0.26924  5.31874  1.05124  1.40978  2.14209  0.11173  0.01772  0.00331  0.00062  0.09040  0.00039  0.01304
  0.37729  0.07203  0.15142  0.57155  0.05768  0.01296  0.01150  0.00079  0.00083  0.05958  0.00301  0.00056
  0.17981  0.03641  0.07498  0.13608  0.05144  0.02804  0.00341  0.00151  0.00124  0.01990  0.00127  0.00407
  0.06021  0.07209  0.03221  0.19962  0.11207  0.01287  0.00118  0.00075  0.00093  0.00148  0.00216  0.00147
  0.00746  0.03594  0.00946  0.06619  0.00563  0.00000  0.00079  0.00048  0.00000  0.00175  0.00072  0.00000
  0.00231  0.04884  0.00602  0.01644  0.00678  0.00343  0.00062  0.00000  0.00000  0.00063  0.00000  0.00000
  0.01625  0.04303  0.00835  0.06671  0.03799  0.00000  0.00000  0.00000  0.00000  0.00139  0.00000  0.00000

  0.34597  4.01706  0.31161  1.96754  0.84248  0.00527  0.00811  0.00329  0.00361  0.06142  0.01298  0.00390
  0.17849  2.16778  0.27278  0.70290  0.72849  0.02050  0.00710  0.00177  0.00044  0.03086  0.00000  0.00426
  0.01017  0.17213  0.00647  0.00250  0.22217  0.00487  0.00657  0.00000  0.00109  0.04376  0.00159  0.00155
  0.00627  0.00172  0.00166  0.01110  0.03670  0.00043  0.00124  0.00033  0.00210  0.00320  0.00137  0.00206
  0.00923  0.00740  0.00060  0.01434  0.00325  0.00000  0.00042  0.00000  0.00059  0.00189  0.00000  0.00000
  0.00000  0.00298  0.00076  0.01738  0.02802  0.00282  0.00000  0.00000  0.00000  0.00000  0.00000  0.00000
  0.00076  0.00648  0.00087  0.01149  0.00292  0.00151  0.00000  0.00000  0.00000  0.00118  0.00000  0.00000
  0.00044  0.00161  0.00000  0.00830  0.00455  0.00088  0.00000  0.00000  0.00000  0.00076  0.00034  0.00000

  0.69266  3.84164  0.21939  1.09957  1.14015  0.00257  0.00150  0.00127  0.00047  0.07265  0.01023  0.00345
  0.05100  1.32042  0.11627  0.58010  0.61451  0.01707  0.00143  0.00000  0.00047  0.01210  0.00054  0.00607
  0.00876  0.05590  0.02737  0.00852  0.16799  0.00049  0.00885  0.00000  0.00000  0.07695  0.00335  0.00000
  0.00117  0.01602  0.00271  0.00858  0.10538  0.01027  0.00188  0.00000  0.00098  0.01079  0.00044  0.00181
  0.00108  0.00614  0.00086  0.03218  0.00832  0.01229  0.00047  0.00049  0.00059  0.00296  0.00036  0.00056
  0.00119  0.01246  0.00093  0.01875  0.00571  0.00624  0.00000  0.00000  0.00037  0.00164  0.00084  0.00000
  0.00000  0.00374  0.00098  0.01192  0.01826  0.00130  0.00052  0.00000  0.00000  0.00187  0.00000  0.00000
  0.00000  0.00204  0.00000  0.00887  0.00769  0.00054  0.00035  0.00000  0.00000  0.00069  0.00043  0.00000

  0.93879  4.87316  0.19869  2.33677  0.97397  0.01462  0.00649  0.00320  0.00365  0.05972  0.01318  0.00417
  0.12178  2.13636  0.27984  0.64936  1.08437  0.01908  0.00359  0.00000  0.00000  0.02623  0.00000  0.00338
  0.01076  0.13940  0.00659  0.00184  0.20521  0.00517  0.00396  0.00000  0.00031  0.02950  0.00153  0.00040
  0.00087  0.01381  0.00936  0.02610  0.05513  0.01065  0.00125  0.00000  0.00073  0.00495  0.00000  0.00071
  0.00000  0.04752  0.00325  0.03596  0.00437  0.01935  0.00000  0.00000  0.00030  0.00148  0.00000  0.00000
  0.00065  0.01448  0.00179  0.01234  0.03546  0.00992  0.00070  0.00000  0.00000  0.00288  0.00000  0.00000
  0.00190  0.00844  0.00221  0.00509  0.01725  0.00052  0.00000  0.00000  0.00000  0.00201  0.00000  0.00000
  0.00040  0.01553  0.00032  0.00518  0.00595  0.00438  0.00000  0.00000  0.00000  0.00036  0.00061  0.00000

  0.94127  1.40219  0.01523  1.68967  0.19246  0.08810  0.00000  0.00000  0.00390  0.16076  0.00993  0.01734
  0.05138  4.39559  0.49877  0.77852  2.01519  0.06948  0.01089  0.00196  0.00061  0.07422  0.00087  0.00724
  0.11281  0.44817  0.19625  0.02606  0.03160  0.01374  0.01097  0.00042  0.00183  0.08502  0.00690  0.00779
  0.17012  0.06981  0.02601  0.13283  0.15533  0.00643  0.00060  0.00000  0.00343  0.00391  0.00000  0.00404
  0.10510  0.14528  0.00229  0.04217  0.00260  0.01906  0.00000  0.00047  0.00044  0.00172  0.00000  0.00062
  0.04374  0.08046  0.00051  0.00821  0.02563  0.00843  0.00000  0.00046  0.00000  0.00000  0.00089  0.00000
  0.04000  0.10296  0.00125  0.05648  0.06522  0.00643  0.00037  0.00042  0.00000  0.00088  0.00070  0.00036
  0.02543  0.03052  0.00348  0.05448  0.02978  0.00569  0.00000  0.00033  0.00000  0.00061  0.00040  0.00000

  0.73394  5.50784  0.42078  1.69856  1.75166  0.00072  0.00240  0.00118  0.00179  0.04149  0.00651  0.00276
  0.04109  1.76719  0.07257  0.95247  0.49877  0.03105  0.00174  0.00062  0.00125  0.00246  0.00080  0.00544
  0.01326  0.07102  0.01442  0.04667  0.10058  0.00071  0.00667  0.00000  0.00000  0.03010  0.00286  0.00000
  0.00203  0.00862  0.00397  0.02030  0.09468  0.00270  0.00000  0.00000  0.00000  0.00439  0.00035  0.00060
  0.00150  0.00382  0.00274  0.00385  0.04645  0.00258  0.00047  0.00000  0.00000  0.00482  0.00069  0.00000
  0.00000  0.00553  0.00256  0.00053  0.01089  0.00137  0.00000  0.00000  0.00000  0.00000  0.00000  0.00000
  0.00236  0.00043  0.00100  0.00061  0.00072  0.00064  0.00000  0.00000  0.00000  0.00072  0.00000  0.00000
  0.00179  0.00079  0.00000  0.00208  0.00253  0.00040  0.00000  0.00000  0.00000  0.00000  0.00000  0.00000

  0.72939  5.06187  0.24047  1.07205  2.27622  0.00208  0.01279  0.00235  0.00198  0.01831  0.00430  0.00069
  0.11807  1.33649  0.10509  0.90230  0.26188  0.01284  0.00190  0.00136  0.00434  0.00171  0.00188  0.01416
  0.01015  0.09896  0.01877  0.06040  0.04740  0.00114  0.00144  0.00000  0.00088  0.00873  0.00136  0.00115
  0.00043  0.02460  0.01000  0.03751  0.05630  0.00045  0.00000  0.00000  0.00057  0.00000  0.00043  0.00080
  0.00058  0.00624  0.00594  0.01026  0.03916  0.00041  0.00073  0.00000  0.00041  0.00302  0.00030  0.00000
  0.00166  0.00556  0.00205  0.00569  0.02283  0.00134  0.00000  0.00000  0.00000  0.00058  0.00000  0.00042
  0.00118  0.00262  0.00099  0.00209  0.01167  0.00141  0.00000  0.00000  0.00000  0.00030  0.00000  0.00000
  0.00032  0.00707  0.00134  0.00956  0.00121  0.00039  0.00000  0.00000  0.00000  0.00000  0.00000  0.00000

  1.30443  5.57957  0.18438  1.14112  2.90551  0.01643  0.00410  0.00179  0.00049  0.05404  0.00651  0.00049
  0.11059  0.92414  0.01878  0.54416  0.18440  0.01805  0.00085  0.00000  0.00093  0.00000  0.00000  0.00314
  0.02191  0.03354  0.01082  0.02873  0.00082  0.00587  0.00607  0.00000  0.00034  0.02542  0.00045  0.00243
  0.00398  0.01101  0.00000  0.01233  0.00730  0.00000  0.00165  0.00000  0.00110  0.00982  0.00000  0.00034
  0.00000  0.00751  0.00385  0.02458  0.00753  0.00294  0.00148  0.00000  0.00000  0.00639  0.00043  0.00000
  0.00000  0.00105  0.00274  0.00812  0.00441  0.00059  0.00061  0.00000  0.00000  0.00419  0.00000  0.00000
  0.00085  0.00243  0.00000  0.00591  0.00403  0.00041  0.00000  0.00000  0.00000  0.00105  0.00000  0.00000
  0.00031  0.00106  0.00049  0.00338  0.00433  0.00000  0.00061  0.00000  0.00000  0.00254  0.00000  0.00000

  0.56738  5.18433  0.32263  2.02814  1.42315  0.00264  0.01841  0.00410  0.00333  0.03477  0.00974  0.00065
  0.16282  2.42950  0.21061  0.83355  1.00643  0.00829  0.00391  0.00078  0.00088  0.01002  0.00038  0.00414
  0.00209  0.12610  0.00466  0.02223  0.16887  0.00170  0.00422  0.00000  0.00000  0.02327  0.00399  0.00039
  0.01089  0.01100  0.00184  0.00711  0.04387  0.00762  0.00074  0.00000  0.00144  0.01501  0.00056  0.00140
  0.00294  0.03029  0.00099  0.00108  0.00195  0.00226  0.00090  0.00000  0.00000  0.00377  0.00036  0.00000
  0.00000  0.01388  0.00000  0.00325  0.01832  0.00197  0.00000  0.00000  0.00000  0.00000  0.00000  0.00000
  0.00154  0.00730  0.00000  0.00224  0.01389  0.00039  0.00000  0.00000  0.00000  0.00090  0.00000  0.00000
  0.00036  0.02172  0.00000  0.00000  0.00571  0.00076  0.00031  0.00000  0.00000  0.00039  0.00000  0.00000

  0.46220  3.88555  0.29242  1.82118  0.81556  0.00787  0.01462  0.00325  0.00235  0.04840  0.01143  0.00000
  0.06001  2.52934  0.08737  0.61412  1.26713  0.01655  0.00083  0.00063  0.00088  0.00437  0.00085  0.00477
  0.00282  0.04935  0.01231  0.00882  0.06844  0.00114  0.00119  0.00036  0.00000  0.01877  0.00182  0.00033
  0.00176  0.07156  0.00633  0.00668  0.00777  0.01334  0.00063  0.00000  0.00000  0.00419  0.00000  0.00082
  0.00294  0.02533  0.00060  0.00617  0.02809  0.00150  0.00098  0.00000  0.00000  0.00197  0.00000  0.00000
  0.00339  0.02226  0.00000  0.01044  0.00473  0.00223  0.00000  0.00000  0.00000  0.00110  0.00039  0.00000
  0.00404  0.00984  0.00000  0.00032  0.00501  0.00053  0.00049  0.00000  0.00000  0.00087  0.00000  0.00000
  0.00366  0.01747  0.00086  0.00095  0.00577  0.00113  0.00000  0.00000  0.00000  0.00000  0.00000  0.00000

  0.68966  5.01040  0.28064  1.10736  2.09743  0.00211  0.01413  0.00218  0.00000  0.04324  0.00717  0.00000
  0.08877  1.19751  0.08168  0.72691  0.31809  0.02536  0.00387  0.00050  0.00103  0.00980  0.00167  0.00339
  0.00696  0.09381  0.01033  0.05600  0.05581  0.00537  0.00326  0.00032  0.00033  0.01733  0.00246  0.00052
  0.00285  0.01810  0.00080  0.01598  0.05529  0.00190  0.00037  0.00000  0.00096  0.00038  0.00051  0.00073
  0.00000  0.00142  0.00172  0.00624  0.03118  0.00169  0.00000  0.00000  0.00000  0.00124  0.00000  0.00000
  0.00087  0.00703  0.00000  0.00278  0.00969  0.00288  0.00067  0.00000  0.00000  0.00000  0.00000  0.00000
  0.00095  0.00888  0.00000  0.00554  0.00215  0.00120  0.00000  0.00000  0.00000  0.00030  0.00000  0.00000
  0.00000  0.00449  0.00000  0.00653  0.00000  0.00092  0.00000  0.00000  0.00000  0.00000  0.00000  0.00000

  0.63972  4.01209  0.20428  0.83516  1.92152  0.00785  0.00984  0.00081  0.00000  0.06045  0.01559  0.00147
  0.12306  2.31677  0.30790  1.16011  0.46856  0.01771  0.00127  0.00095  0.00088  0.00666  0.00174  0.00597
  0.00682  0.18925  0.00363  0.07235  0.05285  0.00520  0.00182  0.00000  0.00034  0.01243  0.00084  0.00085
  0.00229  0.08064  0.01193  0.05550  0.04643  0.00278  0.00140  0.00000  0.00053  0.00201  0.00058  0.00127
  0.00185  0.08530  0.00341  0.02548  0.02420  0.00084  0.00000  0.00000  0.00000  0.00033  0.00033  0.00000
  0.00045  0.04643  0.00237  0.01711  0.02114  0.00000  0.00000  0.00000  0.00000  0.00000  0.00000  0.00000
  0.00000  0.02101  0.00251  0.01764  0.01179  0.00000  0.00030  0.00000  0.00000  0.00000  0.00000  0.00000
  0.00056  0.02958  0.00194  0.01581  0.00945  0.00000  0.00000  0.00000  0.00000  0.00000  0.00000  0.00000

