  0.06445  0.03223 -0.02417 -0.08862 -0.01611  0.06445 -0.00806 -0.06445 -0.05640  0.09668  0.07251 -0.00806
  0.04834  0.02417  0.00806 -0.10474 -0.00806  0.04834  0.00806 -0.06445 -0.06445  0.11279  0.04834 -0.03223
  0.04834  0.02417  0.02417 -0.16113 -0.01611  0.03223 -0.01611 -0.04028 -0.06445  0.12891  0.07251 -0.02417
  0.03223  0.03223  0.02417 -0.14502 -0.01611  0.04834 -0.02417 -0.04028 -0.04834  0.12891  0.07251 -0.02417
  0.00806  0.03223  0.04834 -0.14502 -0.01611  0.05640 -0.02417 -0.04028 -0.04834  0.12891  0.07251 -0.01611
 -0.01611  0.04834  0.05640 -0.12085  0.00000  0.04834 -0.02417 -0.03223 -0.06445  0.12891  0.07251 -0.02417
 -0.02417  0.04028  0.03223 -0.10474  0.01611  0.05640 -0.02417 -0.02417 -0.07251  0.12891  0.09668 -0.01611
 -0.00806  0.04028  0.00000 -0.12085  0.02417  0.04028 -0.04028 -0.02417 -0.08057  0.12891  0.07251 -0.03223
 -0.00806  0.02417 -0.00806 -0.12085 -0.00806  0.02417 -0.04028 -0.00806 -0.07251  0.12085  0.08057 -0.02417
  0.02417  0.01611 -0.00806 -0.08862 -0.01611  0.01611 -0.04834 -0.00806 -0.07251  0.09668  0.08057 -0.01611
  0.03223  0.01611 -0.00806 -0.07251 -0.01611  0.01611 -0.04834 -0.02417 -0.06445  0.10474  0.08862 -0.00806
  0.03223  0.00806  0.00806 -0.05640 -0.01611  0.01611 -0.05640 -0.03223 -0.06445  0.10474  0.08057  0.00000
  0.03223  0.01611  0.00806 -0.05640 -0.00806  0.01611 -0.09668 -0.02417 -0.05640  0.11279  0.08862  0.00806
  0.02417  0.02417  0.00000 -0.06445  0.01611  0.00000 -0.11279 -0.04834 -0.03223  0.05640  0.09668  0.02417
  0.01611  0.03223 -0.00806 -0.05640  0.02417 -0.00806 -0.12891 -0.04834 -0.04834  0.04028  0.08862  0.02417
  0.00806  0.04028 -0.00806 -0.03223  0.01611 -0.02417 -0.12891 -0.04028 -0.07251  0.05640  0.09668  0.03223
  0.00806  0.04028 -0.01611 -0.01611  0.01611 -0.04028 -0.12085 -0.04834 -0.05640  0.07251  0.09668  0.04028
  0.02417  0.02417 -0.02417 -0.01611  0.01611 -0.02417 -0.11279 -0.04028 -0.04834  0.06445  0.10474  0.04028
  0.03223  0.02417 -0.01611  0.00000  0.00806 -0.01611 -0.13696 -0.05640 -0.04028  0.05640  0.10474  0.04834
  0.02417  0.02417 -0.01611  0.00000  0.00000 -0.02417 -0.13696 -0.04028 -0.02417  0.07251  0.09668  0.05640
  0.02417  0.02417 -0.04028 -0.01611 -0.01611 -0.02417 -0.15308 -0.05640 -0.03223  0.06445  0.08862  0.04028
  0.02417  0.01611 -0.01611 -0.00806  0.00000 -0.02417 -0.13696 -0.04834 -0.04028  0.07251  0.08862  0.06445
  0.04028  0.02417 -0.00806  0.00000  0.00000 -0.02417 -0.13696 -0.04028 -0.04028  0.10474  0.08862  0.06445
  0.02417  0.02417 -0.01611  0.00000  0.00806 -0.02417 -0.13696 -0.02417 -0.04028  0.12085  0.08862  0.05640

  0.17725  0.00806  0.04028  0.06445 -0.00806  0.04834  0.03223 -0.04834 -0.06445  0.21753  0.04028 -0.04834
  0.18530  0.01611  0.03223  0.01611 -0.00806  0.04834  0.05640 -0.06445 -0.06445  0.23364  0.04028 -0.05640
  0.16919  0.02417  0.00000  0.00000 -0.00806  0.06445  0.04834 -0.05640 -0.05640  0.22559  0.04834 -0.03223
  0.16113  0.02417 -0.02417  0.00000  0.00806  0.07251  0.04834 -0.06445 -0.05640  0.21753  0.04834 -0.03223
  0.15308  0.02417 -0.05640 -0.04028 -0.00806  0.05640  0.01611 -0.05640 -0.04028  0.18530  0.05640  0.00000
  0.22559  0.03223 -0.08057 -0.08862 -0.02417  0.02417  0.04028 -0.03223 -0.04834  0.16919  0.06445 -0.01611
  0.04028  0.04028  0.01611 -0.02417  0.00806  0.04834  0.02417 -0.03223 -0.04028  0.17725  0.05640 -0.00806
  0.00000  0.02417 -0.03223  0.00806  0.03223  0.07251  0.01611 -0.04028 -0.04834  0.18530  0.07251  0.00000
  0.06445  0.04834 -0.02417 -0.06445  0.00806  0.06445  0.02417 -0.04834 -0.05640  0.18530  0.07251 -0.01611
  0.08862  0.07251  0.04028 -0.08862  0.03223  0.06445  0.04834 -0.07251 -0.09668  0.16919  0.04834 -0.05640
  0.08862  0.05640  0.04834 -0.08057  0.04028  0.06445  0.05640 -0.04834 -0.10474  0.16919  0.05640 -0.05640
  0.08862  0.04834  0.02417 -0.04834  0.04028  0.08057  0.04834 -0.05640 -0.11279  0.18530  0.04028 -0.09668
  0.08057  0.04028  0.00000 -0.02417  0.01611  0.05640 -0.01611 -0.01611 -0.08862  0.13696  0.07251 -0.12085
  0.08862  0.04028 -0.00806 -0.04834 -0.00806  0.01611 -0.04834 -0.02417 -0.08862  0.08057  0.08057 -0.11279
  0.08057  0.02417 -0.02417 -0.04834 -0.02417  0.00806 -0.06445 -0.03223 -0.09668  0.04028  0.07251 -0.10474
  0.04834  0.02417 -0.03223 -0.01611 -0.01611 -0.01611 -0.11279 -0.01611 -0.10474  0.04834  0.07251 -0.10474
  0.00806  0.01611 -0.05640 -0.08057 -0.01611  0.00000 -0.02417 -0.20142 -0.19336  0.11279  0.08057  0.18530
  0.03223  0.02417 -0.01611 -0.12085 -0.01611  0.01611 -0.24976  0.04028  0.10474  0.03223  0.12891  0.09668
  0.01611  0.04028  0.00806 -0.12891  0.00000  0.02417 -0.08862  0.01611  0.11279  0.04834  0.09668  0.10474
  0.01611  0.02417 -0.00806 -0.12891 -0.00806  0.03223 -0.08862  0.01611  0.04028  0.14502  0.10474  0.11279
 -0.01611  0.00806 -0.04028 -0.12085  0.00000  0.03223 -0.07251  0.00806 -0.04028  0.16113  0.09668  0.11279
  0.02417  0.02417  0.00806 -0.11279  0.00000  0.00000 -0.07251  0.00806 -0.04028  0.13696  0.09668  0.08862
 -0.02417  0.03223 -0.03223 -0.11279 -0.00806 -0.05640 -0.10474  0.00806 -0.05640  0.09668  0.09668  0.07251
 -0.05640  0.00000 -0.11279 -0.14502 -0.04028 -0.12085 -0.10474 -0.02417 -0.03223  0.04834  0.08862  0.05640

  0.12085  0.04028 -0.03223  0.00000  0.02417  0.03223 -0.08057 -0.02417 -0.03223  0.17725  0.08057  0.06445
  0.12891  0.04028 -0.03223  0.01611  0.03223  0.04028 -0.08862 -0.04028 -0.08862  0.09668  0.05640 -0.02417
  0.11279  0.03223 -0.02417  0.00806  0.01611  0.04028 -0.07251 -0.06445 -0.10474  0.08057  0.06445 -0.06445
  0.11279  0.02417 -0.02417  0.00806  0.02417  0.04834 -0.05640 -0.05640 -0.08862  0.10474  0.06445 -0.06445
  0.11279  0.02417 -0.04028  0.00806  0.02417  0.04028 -0.05640 -0.05640 -0.07251  0.12085  0.07251 -0.07251
  0.11279  0.03223 -0.01611  0.00806  0.02417  0.04834 -0.04834 -0.04028 -0.07251  0.11279  0.08057 -0.05640
  0.12891  0.02417 -0.01611  0.00000  0.00806  0.07251 -0.04834 -0.04834 -0.09668  0.13696  0.08057 -0.06445
  0.12891  0.02417 -0.01611  0.00000  0.01611  0.08057 -0.04028 -0.04028 -0.10474  0.12085  0.08057 -0.08057
  0.15308  0.04028  0.00000  0.01611  0.02417  0.10474 -0.00806 -0.05640 -0.12891  0.11279  0.06445 -0.08862
  0.15308  0.03223 -0.01611  0.04834  0.03223  0.10474 -0.01611 -0.06445 -0.11279  0.12085  0.07251 -0.09668
  0.16113  0.02417 -0.01611  0.04834  0.05640  0.09668  0.00000 -0.06445 -0.12085  0.14502  0.05640 -0.08862
  0.15308  0.02417 -0.03223  0.08057  0.04028  0.09668 -0.07251 -0.02417 -0.09668  0.15308  0.05640 -0.07251
  0.15308  0.00806 -0.02417  0.12085  0.02417  0.06445 -0.04834 -0.02417 -0.04834  0.12085  0.09668 -0.04028
  0.16919  0.02417 -0.02417  0.09668  0.00806  0.04834 -0.08862 -0.03223 -0.05640  0.11279  0.09668 -0.03223
  0.11279  0.00806 -0.04834  0.06445  0.00000  0.02417 -0.06445 -0.03223 -0.06445  0.08862  0.08057 -0.04028
  0.10474  0.02417 -0.01611  0.04028  0.00806 -0.01611 -0.05640 -0.04028 -0.07251  0.08862  0.08862 -0.04028
  0.09668 -0.01611 -0.02417  0.01611  0.00806  0.00000 -0.01611 -0.06445 -0.08862  0.05640  0.08862 -0.03223
  0.11279  0.02417  0.00000  0.01611 -0.00806  0.03223 -0.08862 -0.01611 -0.04834  0.06445  0.10474 -0.00806
  0.14502  0.04028  0.00806 -0.03223 -0.00806  0.07251 -0.04028 -0.02417 -0.03223  0.10474  0.08057  0.03223
  0.08057  0.04028  0.02417 -0.05640  0.00000  0.09668 -0.04834 -0.03223 -0.02417  0.18530  0.06445  0.04834
 -0.01611  0.01611  0.04028 -0.04834  0.01611  0.08057 -0.04028 -0.01611 -0.04834  0.23364  0.04834  0.01611
  0.00000  0.03223  0.00806 -0.15308 -0.01611  0.01611  0.00000 -0.02417 -0.03223  0.26587  0.07251 -0.00806
  0.01611  0.01611 -0.00806 -0.20947 -0.04028 -0.00806  0.04028 -0.04028 -0.03223  0.29004  0.04028 -0.03223
  0.00806  0.00806 -0.02417 -0.19336 -0.02417  0.00000  0.05640 -0.04028 -0.03223  0.33032  0.02417 -0.05640

  0.16113  0.00000 -0.00806  0.05640  0.00000  0.04834 -0.06445 -0.05640 -0.08862  0.08057  0.06445 -0.08057
  0.15308  0.02417  0.02417  0.00806 -0.04834  0.05640 -0.04834 -0.05640 -0.08862  0.09668  0.06445 -0.07251
  0.13696  0.02417  0.02417 -0.03223 -0.01611  0.10474 -0.02417 -0.03223 -0.09668  0.14502  0.04834 -0.04834
  0.11279  0.04028  0.01611 -0.08057 -0.01611  0.12085  0.01611 -0.04834 -0.08057  0.21753  0.04028 -0.03223
  0.08057  0.04834  0.02417 -0.10474 -0.01611  0.11279  0.04028 -0.04028 -0.07251  0.23364  0.05640 -0.02417
  0.09668  0.03223  0.01611 -0.11279  0.00000  0.09668  0.03223 -0.04028 -0.06445  0.24976  0.03223 -0.03223
  0.10474  0.04028  0.02417 -0.15308  0.00000  0.05640  0.05640 -0.04834 -0.06445  0.24976  0.04028 -0.04028
  0.08862  0.04834  0.03223 -0.16919  0.00000  0.04834  0.08057 -0.05640 -0.05640  0.24976  0.03223 -0.04834
  0.03223  0.01611  0.04028 -0.17725 -0.00806  0.04834  0.09668 -0.05640 -0.08057  0.28198  0.01611 -0.08862
 -0.01611  0.02417  0.00806 -0.18530 -0.03223  0.05640  0.08057 -0.05640 -0.08057  0.32227  0.03223 -0.08057
 -0.03223  0.00000 -0.02417 -0.20947 -0.05640  0.03223  0.04028 -0.04028 -0.04028  0.32227  0.04834 -0.04028
 -0.03223  0.00000 -0.01611 -0.21753 -0.04028  0.03223  0.04834 -0.04028 -0.02417  0.32227  0.05640 -0.04028
 -0.02417  0.00806  0.00000 -0.18530 -0.01611  0.02417  0.05640 -0.04028 -0.04028  0.29004  0.06445 -0.06445
 -0.02417  0.00000  0.00000 -0.16919 -0.04028  0.03223  0.01611 -0.03223 -0.05640  0.26587  0.04834 -0.07251
 -0.02417  0.00806  0.00806 -0.16113 -0.02417  0.03223 -0.00806 -0.01611 -0.07251  0.24170  0.04834 -0.07251
 -0.03223  0.01611  0.01611 -0.15308 -0.01611  0.02417 -0.02417 -0.03223 -0.05640  0.18530  0.05640 -0.06445
  0.00000  0.01611 -0.00806 -0.15308 -0.01611  0.02417 -0.04028 -0.03223 -0.05640  0.14502  0.05640 -0.04834
  0.02417  0.02417 -0.02417 -0.14502 -0.02417  0.03223 -0.03223 -0.02417 -0.03223  0.12891  0.04834 -0.04028
  0.01611  0.01611 -0.00806 -0.12085 -0.01611  0.02417 -0.04028 -0.04028 -0.04834  0.12891  0.04028 -0.03223
  0.00806  0.01611 -0.01611 -0.09668 -0.01611  0.02417 -0.05640 -0.04028 -0.04834  0.12891  0.05640 -0.03223
  0.00806  0.01611 -0.02417 -0.11279 -0.02417  0.00000 -0.05640 -0.02417 -0.04028  0.12891  0.02417 -0.02417
 -0.00806  0.00806 -0.03223 -0.12891 -0.03223 -0.01611 -0.05640 -0.04028 -0.03223  0.15308  0.04834  0.00000
 -0.00806  0.00806 -0.04834 -0.14502 -0.01611 -0.03223 -0.06445 -0.03223 -0.03223  0.12891  0.05640  0.00000
 -0.00806  0.00000 -0.05640 -0.16919 -0.04834 -0.03223 -0.08057 -0.04028 -0.04028  0.07251  0.05640  0.00806

  0.10474  0.03223  0.02417 -0.00806 -0.00806  0.08862 -0.04834 -0.04028 -0.06445  0.08057  0.07251 -0.04028
  0.10474  0.04834  0.04834 -0.06445 -0.01611  0.10474 -0.03223 -0.02417 -0.07251  0.12085  0.08862 -0.03223
  0.10474  0.04028  0.04028 -0.08862  0.00000  0.12891  0.00806 -0.03223 -0.08862  0.14502  0.08862 -0.04834
  0.09668  0.04028  0.01611 -0.12085  0.00000  0.12085  0.05640 -0.04834 -0.09668  0.17725  0.05640 -0.06445
  0.08057  0.04028  0.00000 -0.11279  0.00806  0.07251  0.08862 -0.04028 -0.07251  0.23364  0.04028 -0.07251
  0.08862  0.04834  0.00000 -0.11279 -0.00806  0.07251  0.10474 -0.04834 -0.08057  0.25781  0.04028 -0.06445
  0.07251  0.04834  0.01611 -0.14502  0.00000  0.05640  0.09668 -0.03223 -0.07251  0.24976  0.04834 -0.07251
  0.04834  0.04028  0.04834 -0.15308  0.00000  0.08057  0.08057 -0.03223 -0.04834  0.27393  0.05640 -0.08862
  0.02417  0.02417  0.04028 -0.16919 -0.02417  0.10474  0.05640 -0.03223 -0.04834  0.27393  0.04834 -0.04834
  0.00806  0.02417  0.04028 -0.16113 -0.01611  0.09668  0.06445 -0.03223 -0.04028  0.25781  0.05640 -0.03223
  0.00000  0.00000  0.02417 -0.13696 -0.02417  0.07251  0.04834 -0.04028 -0.03223  0.28198  0.04834 -0.03223
 -0.00806  0.00806  0.00000 -0.12891 -0.01611  0.04834  0.05640 -0.04834 -0.03223  0.28198  0.04834 -0.05640
  0.00000  0.01611  0.00000 -0.11279 -0.01611  0.04028  0.06445 -0.04834 -0.05640  0.26587  0.04834 -0.05640
  0.00000  0.01611 -0.01611 -0.11279 -0.00806  0.03223  0.07251 -0.04834 -0.07251  0.23364  0.04028 -0.07251
 -0.01611  0.00000 -0.00806 -0.12891 -0.02417  0.02417  0.10474 -0.05640 -0.08057  0.17725  0.04028 -0.06445
 -0.00806  0.00000 -0.00806 -0.12891  0.00000  0.02417  0.08862 -0.06445 -0.10474  0.15308  0.04028 -0.07251
 -0.00806  0.02417 -0.00806 -0.13696 -0.02417  0.00000 -0.00806 -0.05640 -0.12085  0.15308  0.03223 -0.08862
 -0.04028  0.02417 -0.02417 -0.16919 -0.02417 -0.02417 -0.10474 -0.02417 -0.04028  0.15308  0.07251 -0.01611
 -0.03223  0.01611 -0.03223 -0.17725 -0.00806 -0.01611 -0.14502  0.00806  0.02417  0.11279  0.09668  0.03223
 -0.01611  0.02417 -0.03223 -0.17725 -0.01611 -0.02417 -0.13696  0.00806  0.02417  0.13696  0.10474  0.04834
  0.00000  0.01611 -0.03223 -0.13696 -0.01611 -0.01611 -0.06445 -0.01611  0.00806  0.13696  0.06445  0.04834
  0.00806  0.02417 -0.00806 -0.12891 -0.00806  0.00000 -0.03223 -0.04834 -0.04028  0.14502  0.02417  0.00806
 -0.00806  0.00806 -0.02417 -0.13696 -0.02417 -0.00806 -0.02417 -0.02417 -0.04028  0.13696  0.01611 -0.00806
  0.00000  0.02417 -0.02417 -0.12891 -0.01611 -0.00806 -0.05640 -0.03223 -0.04834  0.01611  0.07251  0.00000

  0.13696  0.00000 -0.03223  0.00000  0.00806  0.09668 -0.01611 -0.04834 -0.04028  0.10474  0.06445 -0.03223
  0.16919  0.02417  0.00000  0.00806  0.02417  0.05640 -0.03223 -0.05640 -0.07251  0.10474  0.05640 -0.03223
  0.16919  0.02417 -0.01611 -0.03223  0.01611  0.07251 -0.00806 -0.04028 -0.06445  0.10474  0.06445 -0.03223
  0.16113  0.02417 -0.02417 -0.02417  0.02417  0.09668 -0.00806 -0.03223 -0.06445  0.09668  0.04834 -0.04834
  0.14502  0.03223 -0.00806  0.00806  0.03223  0.12891  0.02417 -0.04028 -0.04834  0.10474  0.04834 -0.04028
  0.16919  0.04834  0.06445  0.00000  0.04028  0.15308  0.04834 -0.04834 -0.04834  0.15308  0.04834 -0.05640
  0.17725  0.08057  0.08862 -0.02417  0.04834  0.19336  0.04834 -0.04834 -0.06445  0.17725  0.03223 -0.04834
  0.15308  0.07251  0.08057 -0.02417  0.06445  0.20142  0.03223 -0.04028 -0.04834  0.20947  0.03223 -0.01611
  0.15308  0.04834  0.04834  0.02417  0.06445  0.20142  0.06445 -0.03223 -0.01611  0.23364  0.04834  0.00000
  0.15308  0.03223  0.01611  0.06445  0.02417  0.12085  0.09668 -0.04834 -0.00806  0.24976  0.04834  0.00000
  0.14502  0.02417  0.00000  0.07251  0.00000  0.08862  0.11279 -0.04834 -0.01611  0.26587  0.04834  0.00000
  0.12891  0.03223 -0.01611  0.03223 -0.00806  0.04834  0.12085 -0.04834 -0.01611  0.28198  0.05640 -0.00806
  0.12891  0.04834 -0.00806  0.00806 -0.00806  0.03223  0.14502 -0.04028 -0.00806  0.30615  0.07251 -0.01611
  0.12891  0.04028 -0.00806 -0.02417  0.00000  0.02417  0.15308 -0.05640 -0.03223  0.30615  0.07251 -0.03223
  0.10474  0.04834  0.00806 -0.02417  0.01611  0.03223  0.15308 -0.04834 -0.02417  0.30615  0.07251 -0.02417
  0.10474  0.04028  0.00806 -0.01611  0.00000  0.04028  0.13696 -0.04834 -0.02417  0.28198  0.07251 -0.02417
  0.08057  0.03223 -0.00806 -0.08057 -0.01611  0.03223  0.10474 -0.04834 -0.01611  0.25781  0.07251 -0.02417
  0.06445  0.04028 -0.00806 -0.10474 -0.02417  0.02417  0.10474 -0.03223 -0.01611  0.25781  0.06445 -0.03223
  0.06445  0.03223  0.01611 -0.17725 -0.01611  0.00000  0.08862 -0.04028 -0.03223  0.20947  0.08057 -0.04028
  0.04834  0.04028  0.04028 -0.17725 -0.03223  0.00806  0.06445 -0.05640 -0.05640  0.18530  0.08057 -0.04834
  0.04834  0.04028  0.02417 -0.15308 -0.02417  0.01611  0.05640 -0.05640 -0.05640  0.16919  0.05640 -0.05640
  0.01611  0.02417  0.00806 -0.14502 -0.01611  0.03223  0.05640 -0.05640 -0.04834  0.17725  0.04834 -0.05640
 -0.03223  0.00806  0.00806 -0.15308 -0.01611  0.00806  0.05640 -0.04834 -0.03223  0.18530  0.05640 -0.07251
 -0.05640 -0.00806  0.00000 -0.17725 -0.04028 -0.00806  0.05640 -0.04028 -0.04834  0.20142  0.04834 -0.07251

  0.09668  0.02417 -0.00806 -0.08057  0.00000  0.04028  0.06445 -0.04834 -0.06445  0.18530  0.03223 -0.04834
  0.11279  0.04028  0.01611 -0.12085  0.00000  0.08862  0.09668 -0.05640 -0.06445  0.23364  0.04028 -0.03223
  0.07251  0.04834  0.05640 -0.14502  0.00806  0.09668  0.11279 -0.04834 -0.04028  0.29810  0.04028 -0.03223
  0.02417  0.04834  0.04834 -0.14502  0.00806  0.09668  0.10474 -0.05640 -0.04028  0.30615  0.04028 -0.04028
  0.04028  0.03223  0.04028 -0.17725 -0.00806  0.10474  0.11279 -0.04834 -0.03223  0.32227  0.06445 -0.04028
  0.04028  0.03223  0.04834 -0.16919 -0.02417  0.09668  0.10474 -0.04028 -0.01611  0.33032  0.07251 -0.03223
  0.03223  0.03223  0.00000 -0.15308 -0.02417  0.07251  0.10474 -0.04834 -0.02417  0.31421  0.06445 -0.05640
  0.00806  0.02417  0.02417 -0.13696 -0.00806  0.04834  0.11279 -0.04834 -0.04028  0.29004  0.05640 -0.05640
 -0.02417  0.00806  0.00806 -0.09668 -0.01611  0.03223  0.13696 -0.06445 -0.08862  0.23364  0.04028 -0.08862
 -0.03223  0.00000 -0.00806 -0.08862 -0.02417  0.00806  0.12891 -0.08862 -0.13696  0.18530  0.02417 -0.12891
  0.00000  0.00806 -0.01611 -0.05640 -0.01611  0.00806 -0.00806 -0.04028 -0.12891  0.16113  0.03223 -0.12085
  0.00806  0.01611 -0.02417 -0.06445 -0.00806 -0.00806 -0.09668 -0.03223 -0.07251  0.14502  0.04834 -0.08862
  0.00000  0.03223 -0.02417 -0.09668 -0.01611 -0.01611 -0.15308  0.00000  0.01611  0.09668  0.11279 -0.00806
 -0.03223  0.02417 -0.04028 -0.09668  0.00000 -0.02417 -0.12085  0.01611  0.04834  0.10474  0.12891  0.01611
 -0.03223  0.00806 -0.02417 -0.11279 -0.01611 -0.04028 -0.12085  0.01611  0.03223  0.12085  0.10474  0.05640
 -0.00806  0.02417 -0.00806 -0.12085 -0.01611 -0.02417 -0.01611 -0.00806 -0.00806  0.16113  0.05640  0.00806
 -0.01611  0.02417  0.00000 -0.09668  0.02417  0.00806  0.00806 -0.03223 -0.07251  0.14502  0.04028 -0.05640
 -0.00806  0.02417  0.00000 -0.11279 -0.00806 -0.00806 -0.04028 -0.02417 -0.08057  0.12891  0.03223 -0.05640
  0.00000  0.01611 -0.00806 -0.12085 -0.01611  0.00000 -0.05640 -0.02417 -0.06445  0.12891  0.06445 -0.04834
 -0.00806  0.00000 -0.02417 -0.14502 -0.01611 -0.02417 -0.08057 -0.01611 -0.04028  0.04834  0.11279  0.00806
 -0.03223  0.01611 -0.01611 -0.15308 -0.00806 -0.02417 -0.09668  0.00806 -0.00806 -0.03223  0.12085  0.03223
 -0.03223  0.00806 -0.02417 -0.16919 -0.00806 -0.02417 -0.10474  0.00806 -0.00806 -0.00806  0.09668  0.00806
 -0.01611  0.01611 -0.01611 -0.12891  0.00000 -0.01611 -0.07251  0.00806  0.00000  0.09668  0.11279 -0.01611
 -0.01611  0.01611 -0.01611 -0.14502 -0.00806 -0.00806 -0.07251  0.01611 -0.02417  0.12891  0.12891  0.02417

  0.08862  0.02417 -0.06445 -0.05640  0.00000  0.00000 -0.07251 -0.03223 -0.04028  0.05640  0.04834 -0.05640
  0.15308  0.04028 -0.04028 -0.06445  0.01611  0.04028 -0.04834 -0.04028 -0.04834  0.08862  0.03223 -0.04834
  0.14502  0.05640  0.00000 -0.05640  0.01611  0.09668 -0.02417 -0.04834 -0.07251  0.12085  0.04834 -0.04028
  0.15308  0.06445  0.04028 -0.04834  0.01611  0.11279 -0.00806 -0.05640 -0.05640  0.14502  0.03223 -0.05640
  0.12891  0.04834  0.04028 -0.08057  0.00000  0.15308 -0.01611 -0.04028 -0.05640  0.13696  0.06445 -0.06445
  0.08862  0.01611  0.00000 -0.12085 -0.02417  0.10474 -0.02417 -0.04834 -0.06445  0.15308  0.05640 -0.05640
  0.06445  0.03223  0.00806 -0.14502 -0.03223  0.09668  0.02417 -0.04834 -0.04834  0.17725  0.05640 -0.05640
 -0.01611  0.01611 -0.02417 -0.15308 -0.03223  0.07251  0.05640 -0.05640 -0.06445  0.19336  0.07251 -0.04834
 -0.05640  0.00806 -0.03223 -0.18530 -0.04834  0.02417  0.07251 -0.04834 -0.07251  0.22559  0.04834 -0.08057
 -0.02417  0.01611  0.00000 -0.22559 -0.04834  0.03223  0.11279 -0.04834 -0.07251  0.21753  0.05640 -0.06445
 -0.02417  0.01611  0.02417 -0.24976 -0.02417  0.04834  0.09668 -0.04834 -0.06445  0.24170  0.04834 -0.05640
  0.00000  0.00806  0.04028 -0.23364 -0.03223  0.07251  0.12085 -0.05640 -0.03223  0.29004  0.04834 -0.04834
  0.01611  0.01611  0.06445 -0.24976 -0.06445  0.11279  0.11279 -0.06445 -0.04028  0.29810  0.04028 -0.03223
  0.04834  0.03223  0.08862 -0.23364 -0.04028  0.12891  0.09668 -0.05640 -0.03223  0.29810  0.05640 -0.03223
  0.08862  0.04028  0.07251 -0.18530 -0.02417  0.13696  0.10474 -0.02417 -0.02417  0.29004  0.06445 -0.01611
  0.04834  0.01611  0.02417 -0.16113 -0.04834  0.10474  0.11279 -0.04028 -0.03223  0.25781  0.04028 -0.03223
  0.01611  0.01611  0.00806 -0.15308 -0.05640  0.05640  0.10474 -0.03223 -0.03223  0.24976  0.04028 -0.04028
  0.04834  0.02417  0.02417 -0.13696 -0.04834  0.05640  0.08057 -0.03223 -0.04028  0.19336  0.05640 -0.04028
  0.07251  0.02417  0.04028 -0.08862 -0.00806  0.08057  0.05640 -0.03223 -0.04834  0.20142  0.06445 -0.04834
  0.12085  0.04028  0.04028 -0.03223 -0.00806  0.08057  0.03223 -0.04834 -0.06445  0.20142  0.05640 -0.06445
  0.11279  0.03223  0.00806  0.00806  0.00806  0.07251  0.05640 -0.04028 -0.05640  0.23364  0.04834 -0.06445
  0.12085  0.02417 -0.00806  0.01611  0.01611  0.08057  0.08057 -0.04834 -0.05640  0.23364  0.04028 -0.07251
  0.16113  0.04028  0.03223  0.03223  0.02417  0.08862  0.08057 -0.04028 -0.05640  0.23364  0.04028 -0.06445
  0.16919  0.04028  0.03223  0.00806  0.01611  0.10474  0.05640 -0.04834 -0.08057  0.20947  0.04028 -0.06445

 -0.01611  0.02417 -0.02417 -0.16919  0.00000  0.02417  0.03223 -0.04834 -0.04028  0.16113  0.08862  0.00000
 -0.02417  0.02417 -0.00806 -0.16113 -0.02417  0.01611  0.08057 -0.05640 -0.07251  0.15308  0.07251 -0.03223
 -0.07251  0.00806 -0.01611 -0.20947 -0.04028  0.02417  0.11279 -0.07251 -0.10474  0.17725  0.04834 -0.03223
 -0.07251  0.00000 -0.02417 -0.21753 -0.02417  0.03223  0.11279 -0.05640 -0.08057  0.20142  0.06445 -0.02417
 -0.11279 -0.00806 -0.06445 -0.31421 -0.04834  0.00806  0.08862 -0.04834 -0.04834  0.18530  0.07251 -0.04028
 -0.13696 -0.01611 -0.06445 -0.35449 -0.04028 -0.00806  0.08862 -0.04028 -0.04834  0.16919  0.07251 -0.04028
 -0.12085  0.00000 -0.01611 -0.37061 -0.04834  0.00806  0.06445 -0.04028 -0.05640  0.18530  0.05640 -0.02417
 -0.10474  0.00000  0.03223 -0.32227  0.00000  0.09668  0.08057 -0.04028 -0.04834  0.20142  0.04834 -0.03223
 -0.07251  0.01611  0.04834 -0.31421  0.00806  0.12085  0.08057 -0.05640 -0.04834  0.20947  0.04834 -0.03223
 -0.01611  0.04834  0.14502 -0.24170  0.03223  0.12891  0.08057 -0.04028 -0.04834  0.22559  0.05640 -0.02417
 -0.02417  0.03223  0.10474 -0.21753  0.00000  0.10474  0.07251 -0.03223 -0.02417  0.22559  0.05640 -0.00806
 -0.05640  0.01611  0.04028 -0.20947 -0.04028  0.03223  0.05640 -0.03223 -0.02417  0.21753  0.05640 -0.00806
 -0.08057 -0.01611 -0.04028 -0.12085 -0.05640 -0.01611  0.06445 -0.02417 -0.00806  0.19336  0.06445 -0.00806
 -0.05640 -0.00806 -0.04834 -0.12085 -0.07251 -0.04028  0.02417 -0.03223 -0.02417  0.16113  0.07251 -0.01611
  0.01611 -0.00806 -0.04028 -0.11279 -0.05640 -0.02417  0.00806 -0.04028 -0.04834  0.14502  0.05640 -0.00806
  0.04028  0.02417  0.00000 -0.09668 -0.00806  0.00000  0.02417 -0.03223 -0.04834  0.13696  0.06445 -0.00806
  0.04834  0.02417  0.00806 -0.07251  0.00000  0.03223  0.03223 -0.03223 -0.04834  0.14502  0.06445 -0.02417
  0.05640  0.02417  0.01611 -0.05640 -0.00806  0.02417  0.03223 -0.03223 -0.07251  0.15308  0.07251 -0.02417
  0.07251  0.03223  0.00000 -0.07251 -0.01611  0.04028  0.00806 -0.02417 -0.07251  0.15308  0.08862 -0.02417
  0.05640  0.03223 -0.01611 -0.07251 -0.03223  0.02417 -0.02417 -0.01611 -0.05640  0.13696  0.09668 -0.03223
  0.07251  0.02417 -0.03223 -0.06445 -0.01611  0.00806 -0.01611 -0.04028 -0.08057  0.12891  0.07251 -0.04028
  0.08057  0.01611 -0.04028 -0.04834 -0.01611  0.00806 -0.01611 -0.04028 -0.08057  0.12891  0.05640 -0.04028
  0.11279  0.02417 -0.02417 -0.02417  0.00000  0.00806  0.00000 -0.03223 -0.06445  0.18530  0.04028 -0.05640
  0.12085  0.01611 -0.02417 -0.02417  0.00000  0.01611 -0.00806 -0.01611 -0.04028  0.18530  0.05640 -0.05640

 -0.02417  0.04028  0.01611 -0.13696  0.01611  0.02417 -0.04028 -0.01611 -0.04028 -0.02417  0.08862  0.00000
 -0.03223  0.01611 -0.00806 -0.15308  0.00806  0.01611 -0.01611 -0.02417 -0.06445  0.00000  0.08057 -0.00806
 -0.07251 -0.01611  0.00000 -0.19336 -0.04028  0.00806  0.00000 -0.05640 -0.06445  0.06445  0.04834 -0.02417
 -0.13696 -0.02417 -0.05640 -0.16919 -0.08862 -0.02417 -0.01611 -0.05640 -0.04028  0.10474  0.03223  0.00806
 -0.16113 -0.04028 -0.11279 -0.20947 -0.07251 -0.02417  0.00000 -0.05640 -0.00806  0.12085  0.03223  0.03223
 -0.18530 -0.04028 -0.07251 -0.29004 -0.07251 -0.05640  0.02417 -0.04834 -0.02417  0.11279  0.05640 -0.00806
 -0.15308 -0.03223 -0.00806 -0.29810 -0.02417 -0.05640  0.03223 -0.03223 -0.01611  0.12085  0.08057 -0.03223
 -0.08057  0.00806  0.04834 -0.26587  0.01611  0.02417  0.05640 -0.02417 -0.04028  0.15308  0.05640 -0.05640
 -0.05640  0.02417  0.04028 -0.25781  0.00000  0.04028  0.09668 -0.06445 -0.03223  0.25781  0.07251 -0.04834
 -0.05640  0.03223  0.02417 -0.24976 -0.01611  0.01611  0.17725 -0.05640 -0.04028  0.38672  0.12085 -0.04028
 -0.04834  0.00806 -0.03223 -0.25781 -0.02417 -0.02417  0.14502 -0.04834 -0.02417  0.34644  0.12085 -0.03223
 -0.03223  0.00806 -0.04028 -0.24976 -0.04834 -0.04028  0.12085 -0.03223 -0.03223  0.24170  0.12085 -0.01611
 -0.00806  0.01611 -0.02417 -0.18530 -0.03223 -0.05640  0.04028 -0.01611 -0.00806  0.10474  0.10474 -0.00806
  0.09668  0.04834 -0.00806 -0.04834 -0.03223  0.01611  0.04834 -0.04834 -0.03223  0.05640  0.06445  0.00806
  0.07251  0.03223  0.00000  0.00806 -0.04028  0.04834  0.02417 -0.06445 -0.03223  0.07251  0.04028  0.00000
  0.08862  0.01611  0.01611  0.00000 -0.13696  0.03223  0.02417 -0.05640 -0.03223  0.08862  0.05640 -0.00806
  0.06445  0.01611  0.00806 -0.04834  0.00000  0.00806  0.07251 -0.05640 -0.04834  0.11279  0.07251 -0.00806
  0.06445  0.02417  0.00806 -0.08057 -0.02417  0.00000  0.12085 -0.05640 -0.05640  0.12085  0.08862 -0.02417
  0.08057  0.03223  0.00806 -0.07251 -0.03223  0.00000  0.09668 -0.04834 -0.06445  0.12891  0.08862 -0.02417
  0.09668  0.03223 -0.00806 -0.04028 -0.00806  0.03223  0.08057 -0.05640 -0.04028  0.15308  0.08057 -0.02417
  0.12891  0.03223  0.00000  0.03223  0.01611  0.03223  0.09668 -0.05640 -0.04834  0.18530  0.08057 -0.02417
  0.18530  0.04028  0.01611  0.06445  0.03223  0.07251  0.10474 -0.05640 -0.04834  0.20947  0.07251 -0.02417
  0.20142  0.04834  0.02417  0.06445  0.04028  0.09668  0.10474 -0.03223 -0.05640  0.20947  0.07251 -0.03223
  0.16919  0.03223  0.00000  0.08057  0.04028  0.09668  0.12085 -0.04834 -0.06445  0.19336  0.06445 -0.04028

  0.00000  0.01611 -0.04028 -0.04028 -0.02417 -0.03223 -0.04834 -0.02417 -0.04028  0.12085  0.08057  0.02417
 -0.02417  0.01611 -0.04028 -0.08057 -0.02417 -0.02417 -0.04834 -0.02417 -0.04834  0.12085  0.07251 -0.00806
 -0.04834  0.00000 -0.02417 -0.13696 -0.00806 -0.00806 -0.05640 -0.02417 -0.04028  0.12085  0.07251  0.00000
 -0.08862 -0.00806  0.00000 -0.21753 -0.00806  0.02417 -0.04834 -0.03223 -0.04834  0.10474  0.08057  0.00806
 -0.09668  0.00000  0.02417 -0.27393  0.01611  0.04834 -0.05640 -0.02417 -0.02417  0.13696  0.06445  0.00000
 -0.10474  0.00806  0.04028 -0.25781  0.02417  0.05640 -0.03223 -0.03223 -0.04028  0.13696  0.04028  0.00000
 -0.11279  0.00000  0.00806 -0.21753  0.02417  0.05640 -0.02417 -0.04028 -0.02417  0.12891  0.04834  0.00000
 -0.10474  0.01611  0.00000 -0.20947  0.01611  0.03223 -0.00806 -0.04834 -0.04028  0.12891  0.05640  0.00000
 -0.09668  0.00806 -0.01611 -0.19336 -0.01611  0.00000 -0.01611 -0.04028 -0.02417  0.12891  0.04834 -0.02417
 -0.06445  0.01611  0.00000 -0.17725 -0.03223 -0.00806 -0.02417 -0.03223 -0.00806  0.14502  0.07251 -0.01611
 -0.06445  0.00000  0.00000 -0.16113 -0.00806  0.00000 -0.03223 -0.01611 -0.02417  0.16919  0.07251 -0.00806
 -0.03223  0.01611  0.00806 -0.12891  0.00806 -0.00806 -0.01611 -0.01611 -0.03223  0.14502  0.08862 -0.01611
 -0.02417  0.01611  0.00806 -0.13696 -0.01611  0.00000 -0.00806 -0.01611 -0.02417  0.13696  0.06445 -0.03223
 -0.02417  0.02417  0.00806 -0.13696 -0.02417  0.00806 -0.01611 -0.03223 -0.03223  0.12085  0.07251 -0.02417
 -0.02417  0.02417  0.02417 -0.14502 -0.00806 -0.00806  0.00000 -0.04028 -0.03223  0.11279  0.07251 -0.00806
 -0.03223  0.02417  0.02417 -0.16113 -0.04028 -0.00806  0.01611 -0.04834 -0.05640  0.11279  0.05640 -0.02417
 -0.03223  0.01611  0.00806 -0.17725 -0.04028 -0.01611  0.04834 -0.04834 -0.04028  0.15308  0.04834 -0.02417
 -0.02417  0.00000 -0.01611 -0.14502  0.01611 -0.02417  0.07251 -0.06445 -0.05640  0.18530  0.06445 -0.03223
 -0.04028 -0.00806 -0.02417 -0.12891 -0.05640 -0.03223  0.06445 -0.04834 -0.03223  0.20947  0.04834 -0.03223
 -0.02417  0.00000 -0.03223 -0.09668 -0.00806 -0.02417  0.08057 -0.04834 -0.04028  0.20947  0.06445 -0.04028
 -0.00806  0.00806 -0.02417 -0.08862 -0.01611  0.00000  0.08057 -0.04834 -0.04028  0.20947  0.04834 -0.05640
  0.01611  0.01611 -0.00806 -0.11279 -0.03223  0.01611  0.08862 -0.04834 -0.05640  0.22559  0.05640 -0.04834
  0.06445  0.02417  0.00000 -0.12085 -0.01611  0.04834  0.11279 -0.04834 -0.04834  0.23364  0.06445 -0.04834
  0.09668  0.03223  0.01611 -0.08862 -0.00806  0.06445  0.10474 -0.04028 -0.04028  0.23364  0.05640 -0.04028

 -0.07251  0.01611  0.00000 -0.20142 -0.01611  0.03223 -0.03223 -0.00806  0.01611  0.19336  0.07251  0.00806
 -0.08057  0.01611  0.01611 -0.19336 -0.01611  0.03223  0.00000 -0.01611 -0.02417  0.18530  0.07251  0.00000
 -0.08862  0.00806  0.00000 -0.20142  0.00806  0.04834  0.00806 -0.02417 -0.04028  0.19336  0.07251 -0.03223
 -0.07251  0.00806  0.00806 -0.23364 -0.00806  0.03223  0.01611 -0.03223 -0.06445  0.21753  0.07251 -0.04028
 -0.06445  0.01611  0.01611 -0.21753 -0.00806  0.03223  0.00806 -0.02417 -0.04834  0.21753  0.06445 -0.03223
 -0.04834  0.01611  0.00000 -0.20142 -0.00806  0.02417  0.00806 -0.02417 -0.04028  0.19336  0.06445 -0.01611
 -0.11279 -0.00806  0.00000 -0.20947 -0.01611 -0.01611  0.10474 -0.06445 -0.05640  0.19336  0.04834 -0.03223
 -0.09668 -0.00806 -0.00806 -0.23364 -0.02417 -0.02417  0.08057 -0.05640 -0.06445  0.20947  0.04834 -0.03223
 -0.04028  0.00806 -0.00806 -0.24170 -0.04834  0.00806  0.08862 -0.06445 -0.03223  0.21753  0.03223 -0.01611
 -0.01611  0.01611  0.04028 -0.19336 -0.01611  0.01611  0.10474 -0.05640  0.00000  0.21753  0.02417 -0.02417
 -0.04028 -0.00806  0.02417 -0.19336 -0.03223  0.00000  0.11279 -0.06445  0.00806  0.22559  0.04028 -0.00806
 -0.04028 -0.00806  0.00806 -0.19336 -0.04834  0.00000  0.04834 -0.05640 -0.01611  0.25781  0.03223 -0.00806
 -0.08057  0.00000  0.00000 -0.18530 -0.05640  0.00000  0.01611 -0.01611 -0.04834  0.24170  0.08057  0.00000
 -0.07251  0.00806 -0.02417 -0.17725 -0.02417 -0.02417  0.00000 -0.03223 -0.03223  0.14502  0.07251  0.00000
 -0.04028 -0.00806 -0.04028 -0.12085 -0.04028 -0.01611  0.01611 -0.04028 -0.03223  0.12891  0.07251  0.00806
  0.03223  0.02417 -0.04028 -0.09668 -0.04834 -0.00806  0.00806 -0.04028 -0.04028  0.12891  0.07251  0.00000
  0.07251  0.01611 -0.03223 -0.05640 -0.01611 -0.00806 -0.00806 -0.04028 -0.04028  0.09668  0.07251  0.00000
  0.08057  0.02417 -0.02417 -0.04028  0.00000  0.00806 -0.02417 -0.04028 -0.04834  0.08862  0.07251  0.00000
  0.05640  0.01611 -0.04028 -0.00806  0.00806  0.00000 -0.04834 -0.03223 -0.03223  0.10474  0.07251  0.00806
  0.07251 -0.01611 -0.05640 -0.03223 -0.01611 -0.00806 -0.02417 -0.02417 -0.02417  0.10474  0.07251  0.01611
  0.08057  0.02417 -0.04028 -0.03223 -0.00806 -0.00806  0.01611 -0.02417 -0.01611  0.15308  0.07251  0.00806
  0.12085  0.02417 -0.04028 -0.04028  0.00806  0.00806  0.00806 -0.03223 -0.04028  0.16113  0.08057  0.00000
  0.11279  0.03223 -0.03223 -0.04028  0.00806  0.01611  0.00806 -0.02417 -0.03223  0.15308  0.07251 -0.00806
  0.11279  0.03223 -0.02417 -0.03223  0.01611  0.04834 -0.02417 -0.03223 -0.05640  0.12891  0.08862  0.00000

 -0.08057  0.00806  0.01611 -0.12891 -0.03223 -0.01611 -0.03223 -0.02417 -0.03223  0.14502  0.06445 -0.04028
 -0.05640  0.01611  0.02417 -0.12891 -0.00806  0.00000 -0.00806 -0.03223 -0.04028  0.15308  0.06445 -0.04028
 -0.06445  0.00806  0.02417 -0.13696 -0.00806  0.00000 -0.00806 -0.03223 -0.04028  0.15308  0.08057 -0.04028
 -0.04834  0.00000  0.01611 -0.13696 -0.00806  0.00000  0.00000 -0.04028 -0.04834  0.16113  0.05640 -0.04834
 -0.04834  0.02417  0.03223 -0.14502  0.00000  0.00806  0.03223 -0.05640 -0.04834  0.16919  0.04834 -0.03223
 -0.04834  0.00806  0.01611 -0.15308 -0.01611 -0.00806  0.04028 -0.03223 -0.04028  0.16919  0.04834 -0.04028
 -0.04834  0.00000  0.00806 -0.15308 -0.01611  0.00000  0.08862 -0.05640 -0.05640  0.18530  0.04834 -0.04834
 -0.05640  0.00806  0.00806 -0.14502 -0.01611 -0.00806  0.12891 -0.07251 -0.07251  0.21753  0.06445 -0.05640
 -0.03223  0.01611  0.01611 -0.12891 -0.01611 -0.00806  0.14502 -0.07251 -0.06445  0.29810  0.05640 -0.05640
 -0.01611  0.00806  0.01611 -0.12085 -0.00806  0.00806  0.16919 -0.08057 -0.06445  0.31421  0.06445 -0.06445
 -0.00806  0.01611  0.01611 -0.08862  0.00000  0.00806  0.15308 -0.07251 -0.05640  0.30615  0.08057 -0.05640
  0.01611  0.03223  0.02417 -0.08057 -0.01611  0.01611  0.13696 -0.04028 -0.02417  0.28198  0.10474 -0.02417
  0.00806  0.02417 -0.00806 -0.09668 -0.01611  0.00000  0.09668 -0.05640 -0.04028  0.24170  0.08057 -0.03223
  0.01611  0.01611  0.00806 -0.06445 -0.00806  0.00806  0.08862 -0.04834 -0.04028  0.19336  0.08057 -0.02417
  0.02417  0.01611  0.01611 -0.06445 -0.02417  0.00806  0.06445 -0.04834 -0.04834  0.19336  0.08057 -0.02417
  0.04028  0.02417  0.00806 -0.07251 -0.00806  0.03223  0.08057 -0.04028 -0.04834  0.15308  0.07251 -0.03223
  0.05640  0.01611  0.02417 -0.07251 -0.00806  0.02417  0.06445 -0.04834 -0.04834  0.14502  0.07251 -0.02417
  0.10474  0.04028  0.01611 -0.07251 -0.00806  0.04028  0.05640 -0.04028 -0.04834  0.13696  0.07251 -0.02417
  0.05640  0.02417  0.03223 -0.04834 -0.00806  0.03223  0.00806 -0.04028 -0.04028  0.12085  0.06445  0.00000
  0.03223  0.01611  0.01611 -0.02417 -0.00806  0.04028  0.00000 -0.03223 -0.02417  0.13696  0.07251 -0.00806
  0.08057  0.03223 -0.02417 -0.05640 -0.01611  0.03223 -0.03223 -0.02417 -0.00806  0.16919  0.07251  0.00000
  0.07251  0.01611 -0.01611 -0.06445 -0.01611  0.00000  0.00806 -0.03223 -0.00806  0.16919  0.07251  0.02417
  0.08862  0.01611 -0.02417 -0.02417 -0.00806  0.03223  0.02417 -0.03223 -0.02417  0.20142  0.05640  0.02417
  0.10474  0.02417 -0.01611 -0.03223 -0.01611  0.04834 -0.00806 -0.01611 -0.04028  0.16919  0.06445  0.04028

 -0.04834  0.01611  0.00000 -0.17725  0.00806  0.02417 -0.15308 -0.08057 -0.04028 -0.12085  0.08862  0.03223
 -0.04028  0.02417  0.00000 -0.16113 -0.00806  0.02417 -0.12085 -0.05640 -0.01611 -0.10474  0.08862 -0.02417
 -0.03223  0.00000 -0.01611 -0.16919 -0.02417  0.00000 -0.05640 -0.01611 -0.04028 -0.03223  0.08862 -0.07251
 -0.04028  0.01611 -0.02417 -0.16919 -0.03223 -0.02417 -0.04834  0.02417 -0.03223  0.08862  0.13696 -0.00806
 -0.02417  0.02417 -0.04028 -0.16113 -0.01611 -0.04028 -0.10474  0.04834  0.02417  0.15308  0.13696  0.08862
 -0.01611  0.01611 -0.04028 -0.13696 -0.00806 -0.03223 -0.08862  0.03223  0.04028  0.12891  0.08862  0.05640
 -0.00806  0.00806 -0.03223 -0.11279 -0.03223 -0.03223 -0.05640 -0.02417  0.00000  0.09668  0.03223 -0.02417
  0.01611  0.00806 -0.02417 -0.12891 -0.02417 -0.02417 -0.02417 -0.06445 -0.08057  0.08862  0.00000 -0.08057
 -0.04028 -0.04028 -0.07251 -0.11279 -0.01611  0.04834 -0.03223 -0.04028 -0.08057  0.12891  0.02417 -0.04834
  0.06445  0.02417  0.05640 -0.10474 -0.01611  0.00806  0.02417 -0.05640 -0.07251  0.16113  0.04834 -0.03223
  0.04028  0.02417  0.04834 -0.13696 -0.03223  0.04028  0.07251 -0.04834 -0.05640  0.19336  0.05640 -0.04834
  0.04834  0.02417  0.01611 -0.17725 -0.01611  0.04834  0.15308 -0.07251 -0.06445  0.29810  0.05640 -0.07251
  0.04834  0.03223 -0.00806 -0.17725 -0.02417  0.04834  0.18530 -0.07251 -0.08057  0.36255  0.08057 -0.07251
  0.03223  0.04028 -0.04028 -0.16919 -0.03223  0.00806  0.16113 -0.06445 -0.05640  0.35449  0.08862 -0.07251
  0.01611  0.04028 -0.04834 -0.08057 -0.00806  0.00000  0.16113 -0.04834 -0.04028  0.30615  0.11279 -0.05640
  0.00806  0.00000 -0.08057 -0.06445 -0.04834 -0.04028  0.15308 -0.04834 -0.04028  0.25781  0.09668 -0.04028
  0.04834  0.00806 -0.08862 -0.07251 -0.02417 -0.09668  0.11279 -0.04834 -0.05640  0.21753  0.08057 -0.04028
  0.08862  0.01611 -0.04834 -0.08862  0.00000 -0.10474  0.08862 -0.04028 -0.04834  0.20142  0.08862 -0.04834
  0.10474  0.02417 -0.04028 -0.08057  0.01611 -0.08862  0.11279 -0.03223 -0.04834  0.20142  0.08057 -0.03223
  0.12891  0.03223 -0.03223 -0.08862  0.01611 -0.02417  0.11279 -0.04834 -0.04028  0.23364  0.08057 -0.04028
  0.11279  0.02417  0.00806 -0.05640  0.01611  0.05640  0.09668 -0.05640 -0.06445  0.22559  0.05640 -0.05640
  0.16113  0.04028  0.05640  0.00000  0.01611  0.12085  0.11279 -0.05640 -0.04834  0.24976  0.06445 -0.05640
  0.16113  0.02417  0.02417  0.03223  0.02417  0.16919  0.12085 -0.06445 -0.05640  0.24976  0.04834 -0.04028
  0.22559  0.04028  0.04028  0.08057  0.04834  0.20142  0.11279 -0.05640 -0.05640  0.27393  0.02417 -0.05640

 -0.07251 -0.00806  0.03223 -0.27393 -0.05640  0.08057 -0.07251 -0.05640 -0.02417  0.12085  0.01611  0.00806
 -0.08862  0.00000  0.04028 -0.29810 -0.04834  0.09668 -0.03223 -0.05640 -0.06445  0.12085  0.00806 -0.03223
 -0.11279 -0.01611  0.02417 -0.30615 -0.02417  0.08862 -0.03223 -0.03223 -0.04834  0.18530  0.04028 -0.07251
 -0.12085 -0.02417  0.02417 -0.30615  0.00000  0.04834 -0.02417 -0.02417 -0.04834  0.23364  0.04834 -0.04834
 -0.10474 -0.01611  0.02417 -0.28198  0.02417  0.03223  0.00000 -0.03223 -0.02417  0.26587  0.03223 -0.00806
 -0.08862  0.00000  0.02417 -0.25781  0.02417  0.04834  0.00000 -0.03223 -0.01611  0.26587  0.04834 -0.01611
 -0.07251  0.00806  0.02417 -0.25781  0.00000  0.05640  0.01611 -0.01611 -0.03223  0.24976  0.04834 -0.02417
 -0.05640  0.02417  0.04028 -0.24170  0.00806  0.08862  0.02417 -0.03223 -0.03223  0.25781  0.05640 -0.02417
 -0.05640  0.00000  0.01611 -0.24170 -0.01611  0.08057  0.03223 -0.04028 -0.04834  0.22559  0.06445 -0.02417
 -0.03223  0.00806  0.02417 -0.22559 -0.04028  0.06445  0.00806 -0.04028 -0.04834  0.20947  0.06445 -0.01611
 -0.02417  0.02417  0.01611 -0.16919 -0.03223  0.04834  0.01611 -0.04028 -0.04834  0.15308  0.06445 -0.01611
 -0.02417  0.01611  0.00806 -0.11279 -0.05640  0.03223  0.02417 -0.04834 -0.05640  0.14502  0.05640 -0.03223
 -0.01611  0.03223 -0.00806 -0.12085 -0.06445 -0.02417  0.04028 -0.04834 -0.04834  0.14502  0.07251 -0.03223
  0.01611  0.03223 -0.04028 -0.14502 -0.04834 -0.06445  0.04028 -0.05640 -0.05640  0.17725  0.06445 -0.03223
  0.04028  0.00806 -0.04028 -0.06445  0.00000 -0.02417  0.08057 -0.07251 -0.04028  0.22559  0.04028 -0.03223
  0.07251 -0.00806 -0.04028 -0.00806  0.01611 -0.00806  0.08862 -0.06445 -0.06445  0.24976  0.04028 -0.05640
  0.08862  0.00806 -0.05640 -0.03223  0.01611 -0.04834  0.07251 -0.05640 -0.06445  0.26587  0.04028 -0.06445
  0.12085  0.04028 -0.06445 -0.02417  0.01611 -0.04834  0.07251 -0.04028 -0.05640  0.26587  0.04834 -0.04834
  0.11279  0.02417 -0.06445  0.00806  0.04028  0.00000  0.05640 -0.04834 -0.05640  0.27393  0.04834 -0.04028
  0.09668  0.02417 -0.06445  0.03223  0.03223  0.03223  0.00000 -0.01611 -0.01611  0.28198  0.04028 -0.01611
  0.09668  0.01611 -0.06445 -0.00806  0.02417  0.02417  0.02417 -0.01611 -0.00806  0.25781  0.04834  0.00000
  0.12085  0.02417 -0.03223 -0.05640  0.02417  0.03223  0.04834 -0.00806 -0.01611  0.22559  0.04028 -0.00806
  0.12891  0.03223 -0.00806 -0.08862  0.01611  0.05640  0.02417 -0.04028 -0.06445  0.20947  0.02417 -0.01611
  0.14502  0.04834  0.00000 -0.08862  0.01611  0.07251 -0.08057 -0.02417 -0.05640  0.14502  0.04028  0.00806

 -0.07251  0.00000  0.00806 -0.24170  0.00806  0.07251 -0.08862 -0.03223 -0.02417  0.09668  0.07251  0.00806
 -0.06445  0.02417  0.04834 -0.24170  0.01611  0.07251 -0.04834 -0.03223 -0.05640  0.06445  0.02417  0.00000
 -0.07251  0.00806  0.04028 -0.26587  0.00000  0.04028 -0.06445 -0.01611 -0.04028  0.11279  0.06445 -0.00806
 -0.08862  0.00000  0.02417 -0.25781 -0.00806  0.04028 -0.05640  0.00000 -0.03223  0.12891  0.06445 -0.00806
 -0.11279 -0.00806  0.00000 -0.24976 -0.02417  0.00806 -0.04028 -0.00806 -0.02417  0.16919  0.05640 -0.02417
 -0.11279  0.00000  0.00000 -0.24976 -0.02417 -0.03223 -0.03223 -0.03223 -0.04028  0.18530  0.06445 -0.04028
 -0.12085 -0.00806  0.00000 -0.23364 -0.03223 -0.01611  0.00000 -0.02417 -0.04834  0.24976  0.07251 -0.04028
 -0.10474 -0.00806  0.00000 -0.23364 -0.03223 -0.00806  0.02417 -0.03223 -0.04834  0.25781  0.07251 -0.05640
 -0.08057 -0.00806  0.00806 -0.20947 -0.02417 -0.01611  0.07251 -0.04834 -0.04834  0.25781  0.04834 -0.04028
 -0.04028  0.01611  0.02417 -0.19336 -0.01611 -0.00806  0.10474 -0.06445 -0.05640  0.28198  0.03223 -0.07251
  0.00000  0.02417  0.01611 -0.17725 -0.00806  0.01611  0.12891 -0.07251 -0.07251  0.28198  0.02417 -0.07251
  0.01611  0.02417  0.02417 -0.13696  0.00000  0.02417  0.15308 -0.07251 -0.06445  0.29810  0.03223 -0.06445
  0.01611  0.01611  0.00000 -0.10474 -0.02417  0.02417  0.12085 -0.06445 -0.06445  0.29810  0.03223 -0.05640
  0.04834  0.02417  0.00806 -0.10474 -0.07251  0.03223  0.10474 -0.05640 -0.06445  0.26587  0.04028 -0.06445
  0.03223  0.02417  0.00806 -0.05640 -0.03223  0.01611  0.08057 -0.04028 -0.04834  0.23364  0.03223 -0.06445
  0.06445  0.02417  0.00806 -0.06445 -0.01611  0.01611  0.06445 -0.05640 -0.05640  0.22559  0.04834 -0.05640
  0.07251  0.01611  0.00806 -0.05640 -0.01611  0.02417  0.07251 -0.04834 -0.06445  0.22559  0.05640 -0.06445
  0.12085  0.03223  0.00000 -0.04028  0.00000  0.04834  0.05640 -0.04834 -0.07251  0.21753  0.03223 -0.06445
  0.15308  0.04834  0.01611  0.01611  0.01611  0.10474  0.00000 -0.04834 -0.07251  0.20142  0.04028 -0.06445
  0.13696  0.03223  0.00806  0.01611  0.00000  0.09668  0.03223 -0.03223 -0.04834  0.18530  0.04834 -0.05640
  0.12085  0.02417  0.00806  0.03223  0.00806  0.08862  0.00000 -0.03223 -0.04834  0.16113  0.05640 -0.04834
  0.10474  0.01611  0.00000  0.04028  0.00806  0.11279  0.00806 -0.05640 -0.07251  0.16919  0.04834 -0.04028
  0.15308  0.03223  0.00000  0.04028  0.01611  0.12085 -0.02417 -0.03223 -0.08057  0.19336  0.06445 -0.04834
  0.19336  0.02417 -0.00806  0.03223  0.02417  0.11279 -0.04028 -0.03223 -0.06445  0.16919  0.08057 -0.01611

  0.07251  0.02417  0.00806 -0.03223 -0.02417  0.09668 -0.03223 -0.03223 -0.04028  0.18530  0.04834 -0.00806
  0.05640  0.02417  0.00000 -0.05640 -0.01611  0.08862 -0.03223 -0.04028 -0.04834  0.16919  0.05640 -0.00806
  0.02417  0.02417  0.00806 -0.06445 -0.02417  0.07251 -0.01611 -0.04028 -0.04834  0.15308  0.05640 -0.03223
  0.00000  0.01611 -0.01611 -0.09668 -0.03223  0.04028  0.00000 -0.03223 -0.05640  0.17725  0.07251 -0.03223
  0.00000  0.01611 -0.04834 -0.13696 -0.03223  0.03223  0.04028 -0.04028 -0.04834  0.16113  0.05640 -0.04028
  0.01611  0.00806 -0.04834 -0.16919 -0.04028  0.00806  0.04028 -0.04834 -0.06445  0.17725  0.06445 -0.04834
  0.02417  0.02417 -0.03223 -0.19336 -0.04028  0.03223  0.07251 -0.06445 -0.08057  0.17725  0.04834 -0.06445
  0.00806  0.04028  0.04028 -0.21753 -0.02417  0.08862  0.10474 -0.08057 -0.08057  0.21753  0.02417 -0.08057
 -0.00806  0.04028  0.06445 -0.23364  0.00000  0.11279  0.11279 -0.07251 -0.06445  0.24976  0.02417 -0.08862
  0.02417  0.05640  0.06445 -0.27393  0.02417  0.16113  0.14502 -0.07251 -0.07251  0.28198  0.03223 -0.06445
  0.02417  0.05640  0.08862 -0.27393  0.03223  0.16919  0.15308 -0.04834 -0.03223  0.33838  0.05640 -0.04834
 -0.01611  0.02417  0.04834 -0.24170 -0.00806  0.08862  0.11279 -0.04834 -0.04834  0.32227  0.05640 -0.04834
 -0.02417  0.02417  0.01611 -0.23364 -0.04834  0.04028  0.10474 -0.04834 -0.04028  0.29810  0.06445 -0.05640
 -0.03223  0.02417 -0.00806 -0.21753 -0.07251  0.00000  0.10474 -0.05640 -0.05640  0.28198  0.05640 -0.07251
 -0.03223  0.00000 -0.02417 -0.16919  0.00806  0.00000  0.09668 -0.06445 -0.06445  0.25781  0.05640 -0.07251
  0.01611  0.02417  0.00000 -0.13696 -0.04834  0.00806  0.08862 -0.05640 -0.05640  0.24170  0.06445 -0.06445
  0.05640  0.00806  0.00806 -0.10474 -0.03223  0.03223  0.09668 -0.05640 -0.06445  0.19336  0.04834 -0.06445
  0.09668  0.01611  0.00806 -0.06445 -0.01611  0.07251  0.07251 -0.05640 -0.08057  0.18530  0.04834 -0.06445
  0.09668  0.04028  0.04834 -0.04834 -0.00806  0.09668  0.04834 -0.05640 -0.07251  0.16919  0.05640 -0.05640
  0.08057  0.03223  0.08862 -0.02417  0.00806  0.10474  0.02417 -0.04028 -0.07251  0.17725  0.04834 -0.04834
  0.15308  0.04028  0.06445 -0.01611 -0.01611  0.11279 -0.01611 -0.03223 -0.03223  0.20142  0.04834 -0.02417
  0.12085  0.03223  0.00000  0.03223  0.01611  0.11279  0.02417  0.00000  0.00806  0.21753  0.06445  0.02417
  0.12085  0.03223 -0.00806  0.02417  0.02417  0.08862  0.04834 -0.02417 -0.04834  0.23364  0.04028 -0.00806
  0.14502  0.04028 -0.00806 -0.00806  0.02417  0.08862  0.04834 -0.03223 -0.08862  0.24170  0.01611 -0.05640

  0.04834  0.03223  0.04834 -0.11279  0.00000  0.05640  0.09668 -0.03223 -0.00806  0.24976  0.04028  0.00000
  0.02417  0.02417  0.03223 -0.16919  0.00000  0.09668  0.08862 -0.04834 -0.03223  0.24170  0.04834 -0.02417
  0.01611  0.02417  0.03223 -0.19336 -0.00806  0.09668  0.06445 -0.05640 -0.03223  0.24170  0.04028 -0.03223
  0.01611  0.02417  0.04834 -0.21753  0.00806  0.12085  0.05640 -0.03223 -0.02417  0.24976  0.06445 -0.03223
  0.00000  0.03223  0.04028 -0.20947  0.02417  0.12085  0.05640 -0.04028 -0.02417  0.24170  0.06445 -0.04028
 -0.02417  0.00806  0.04834 -0.20142  0.01611  0.10474  0.07251 -0.04028 -0.04028  0.26587  0.05640 -0.04028
 -0.07251  0.00000  0.03223 -0.19336  0.00000  0.08057  0.08057 -0.04028 -0.03223  0.24976  0.07251 -0.03223
 -0.06445  0.00000  0.01611 -0.20142 -0.01611  0.08862  0.09668 -0.05640 -0.04028  0.24976  0.06445 -0.04028
 -0.06445 -0.00806  0.04028 -0.16919 -0.02417  0.07251  0.09668 -0.05640 -0.04028  0.21753  0.04028 -0.04028
 -0.06445  0.00806  0.04834 -0.14502 -0.02417  0.06445  0.08057 -0.06445 -0.04834  0.20142  0.04834 -0.04028
 -0.03223  0.01611  0.02417 -0.09668 -0.02417  0.04834  0.05640 -0.06445 -0.07251  0.16113  0.04834 -0.06445
 -0.02417  0.02417  0.00806 -0.08057 -0.02417  0.01611  0.04834 -0.04028 -0.05640  0.17725  0.02417 -0.06445
  0.00806  0.01611 -0.00806 -0.07251 -0.00806  0.00806 -0.00806 -0.04028 -0.04028  0.18530  0.06445 -0.03223
  0.00806  0.01611  0.00000 -0.07251 -0.00806  0.00806  0.00806 -0.03223 -0.03223  0.19336  0.07251 -0.01611
  0.01611  0.03223 -0.00806 -0.06445  0.00806  0.02417  0.06445 -0.04028 -0.04028  0.19336  0.06445 -0.02417
  0.00806  0.03223 -0.01611 -0.05640  0.00000  0.03223  0.08057 -0.05640 -0.05640  0.22559  0.04834 -0.04834
  0.01611  0.02417 -0.02417 -0.07251  0.00000  0.02417  0.08862 -0.06445 -0.07251  0.22559  0.04028 -0.05640
  0.02417  0.01611 -0.02417 -0.09668 -0.01611  0.01611  0.04028 -0.06445 -0.08057  0.18530  0.04028 -0.06445
  0.02417  0.02417 -0.00806 -0.10474 -0.01611  0.00806 -0.03223 -0.04834 -0.04834  0.14502  0.06445 -0.04834
  0.01611  0.01611 -0.00806 -0.10474 -0.00806 -0.00806 -0.08862 -0.02417 -0.01611  0.11279  0.07251 -0.00806
  0.00806  0.02417 -0.00806 -0.11279  0.00806 -0.00806 -0.08862 -0.00806  0.00000  0.10474  0.08862  0.00806
 -0.00806  0.02417 -0.01611 -0.08862 -0.01611  0.04028 -0.08057  0.00000 -0.00806  0.11279  0.08862  0.03223
 -0.00806  0.02417  0.00000 -0.08057 -0.00806  0.04028 -0.03223 -0.01611 -0.02417  0.12085  0.08862  0.03223
  0.02417  0.02417 -0.02417 -0.12085 -0.00806  0.00000 -0.03223 -0.04834 -0.04834  0.10474  0.07251  0.00000

  0.04834  0.01611  0.01611 -0.11279 -0.03223 -0.04028 -0.08862 -0.04834 -0.01611  0.08057  0.08862  0.03223
  0.01611  0.02417  0.00806 -0.09668 -0.01611 -0.02417 -0.07251 -0.01611  0.00806  0.08862  0.08057  0.04834
 -0.05640 -0.00806 -0.04834 -0.12085 -0.02417 -0.02417 -0.06445 -0.01611 -0.00806  0.08057  0.08862  0.04834
 -0.04028  0.01611 -0.03223 -0.17725 -0.05640 -0.06445 -0.07251 -0.03223 -0.02417  0.10474  0.08057  0.01611
 -0.06445  0.02417 -0.04028 -0.17725 -0.05640 -0.05640 -0.08057 -0.04028 -0.02417  0.12085  0.04834 -0.00806
 -0.08057  0.00806 -0.04834 -0.21753 -0.06445 -0.01611 -0.05640 -0.02417 -0.00806  0.17725  0.04028 -0.00806
 -0.10474 -0.01611 -0.06445 -0.27393 -0.04028  0.02417 -0.03223 -0.01611 -0.02417  0.21753  0.04834  0.00806
 -0.11279  0.00000 -0.02417 -0.31421 -0.01611  0.04028 -0.01611 -0.01611 -0.03223  0.22559  0.06445 -0.00806
 -0.10474  0.00806  0.05640 -0.33032  0.02417  0.04834  0.01611 -0.02417 -0.05640  0.21753  0.06445 -0.04834
 -0.12085  0.00000  0.04028 -0.32227 -0.01611  0.07251  0.02417 -0.01611 -0.06445  0.25781  0.04834 -0.04834
 -0.12085  0.00806  0.01611 -0.33032 -0.02417  0.06445  0.03223 -0.03223 -0.05640  0.26587  0.05640 -0.03223
 -0.11279 -0.00806  0.00806 -0.29810 -0.03223  0.02417  0.00806 -0.02417 -0.04834  0.23364  0.05640 -0.01611
 -0.08862  0.00806  0.00806 -0.25781 -0.04028  0.00000  0.01611 -0.04834 -0.04028  0.17725  0.06445 -0.01611
 -0.09668  0.00000  0.01611 -0.24976 -0.03223  0.00806  0.00806 -0.04028 -0.03223  0.17725  0.06445  0.00000
 -0.09668 -0.00806  0.04028 -0.18530 -0.02417 -0.01611  0.01611 -0.04834 -0.04028  0.16919  0.05640 -0.00806
 -0.07251 -0.00806  0.04028 -0.12085 -0.03223  0.00000  0.06445 -0.04028 -0.00806  0.21753  0.04028  0.00806
 -0.04834 -0.01611  0.00806 -0.09668 -0.06445  0.01611  0.08057 -0.05640 -0.05640  0.24170  0.03223 -0.03223
  0.05640  0.00806 -0.01611 -0.12085 -0.04834  0.03223  0.04028 -0.04028 -0.04028  0.28198  0.03223 -0.04028
  0.08862  0.03223 -0.00806 -0.13696 -0.00806  0.03223  0.02417 -0.01611 -0.03223  0.27393  0.05640 -0.00806
  0.08057  0.04834  0.04834 -0.11279  0.04834  0.02417  0.03223 -0.02417 -0.02417  0.28198  0.06445  0.00000
  0.06445  0.02417  0.03223 -0.09668  0.02417  0.08057  0.05640 -0.04028 -0.03223  0.31421  0.03223  0.00000
  0.09668  0.04834  0.04028 -0.05640 -0.02417  0.15308  0.05640 -0.03223 -0.02417  0.32227  0.00806  0.00806
  0.13696  0.04028  0.03223 -0.04834 -0.01611  0.20142  0.05640 -0.02417 -0.01611  0.32227  0.01611  0.01611
  0.18530  0.06445  0.06445 -0.02417  0.02417  0.21753  0.00806 -0.00806 -0.05640  0.24976  0.04028  0.05640

  0.03223  0.00806  0.00000 -0.00806 -0.00806  0.07251 -0.08862 -0.05640  0.00000  0.11279  0.04834 -0.02417
  0.00806 -0.00806 -0.00806 -0.08057 -0.06445  0.04028 -0.08057 -0.05640 -0.02417  0.08057  0.04028  0.00000
  0.02417  0.00000 -0.00806 -0.10474 -0.06445  0.04028 -0.05640 -0.04028 -0.04834  0.09668  0.04834 -0.04834
  0.03223  0.02417  0.00000 -0.12085 -0.03223  0.05640 -0.03223 -0.01611 -0.08862  0.15308  0.05640 -0.05640
  0.04834  0.00806  0.00000 -0.14502 -0.02417  0.07251 -0.04028 -0.03223 -0.08057  0.18530  0.06445 -0.04028
  0.08862  0.05640  0.06445 -0.12085  0.03223  0.12891 -0.03223 -0.01611 -0.08057  0.19336  0.07251 -0.03223
  0.09668  0.06445  0.10474 -0.12891  0.08057  0.15308 -0.02417 -0.01611 -0.05640  0.16113  0.08057 -0.03223
  0.07251  0.05640  0.08057 -0.16919  0.04028  0.12891 -0.03223 -0.03223 -0.06445  0.12085  0.07251 -0.04834
  0.01611  0.04028  0.06445 -0.16919  0.02417  0.12085 -0.02417 -0.02417 -0.07251  0.10474  0.08057 -0.04834
  0.00000  0.02417  0.03223 -0.16919  0.00806  0.11279 -0.03223 -0.04834 -0.08057  0.09668  0.08057 -0.03223
 -0.03223  0.02417  0.03223 -0.16113 -0.02417  0.07251 -0.03223 -0.05640 -0.08862  0.08862  0.07251 -0.04028
 -0.04028  0.01611  0.01611 -0.14502 -0.00806  0.07251 -0.02417 -0.04834 -0.08057  0.09668  0.05640 -0.04028
  0.00806  0.02417  0.01611 -0.12085  0.00806  0.04834 -0.03223 -0.05640 -0.05640  0.08862  0.04028 -0.01611
  0.04834  0.01611  0.01611 -0.09668 -0.00806  0.03223 -0.03223 -0.04834 -0.04834  0.06445  0.04028  0.00000
  0.08862  0.04028  0.02417 -0.06445  0.00000  0.04834 -0.01611 -0.03223 -0.06445  0.05640  0.05640 -0.00806
  0.09668  0.04834  0.03223 -0.05640  0.00000  0.05640  0.00000 -0.04834 -0.08862  0.07251  0.07251 -0.00806
  0.08057  0.04834  0.02417 -0.05640  0.00000  0.06445  0.04028 -0.04028 -0.06445  0.15308  0.05640 -0.00806
  0.06445  0.04834  0.00000 -0.05640  0.03223  0.06445  0.06445 -0.04834 -0.04028  0.21753  0.05640 -0.01611
  0.07251  0.06445  0.00000 -0.06445  0.00000  0.04028  0.06445 -0.06445 -0.04028  0.22559  0.06445 -0.02417
  0.06445  0.06445  0.01611 -0.06445  0.04028  0.04834  0.08057 -0.05640 -0.04834  0.21753  0.07251 -0.03223
  0.10474  0.10474  0.05640 -0.06445  0.06445  0.12085  0.07251 -0.06445 -0.07251  0.14502  0.07251 -0.02417
  0.12891  0.11279  0.08057 -0.07251  0.07251  0.13696  0.04834 -0.03223 -0.07251  0.09668  0.08862 -0.02417
  0.13696  0.10474  0.10474 -0.04028  0.04834  0.20947  0.04028 -0.03223 -0.06445  0.07251  0.08862 -0.01611
  0.09668  0.08862  0.07251  0.00000  0.05640  0.20947  0.04834 -0.05640 -0.07251  0.06445  0.06445 -0.02417

