  0.04834 -0.08057 -0.02417  0.00000  0.00000  0.00000  0.00806  0.00806  0.00000  0.00000 -0.00806 -0.01611
  0.04834 -0.08057 -0.02417  0.00000 -0.00806  0.00000  0.00000  0.00000  0.00000  0.00000 -0.00806 -0.01611
  0.04834 -0.06445 -0.01611  0.00000  0.00000 -0.00806  0.00806  0.00000 -0.00806  0.00000 -0.00806 -0.01611
  0.04834 -0.07251 -0.01611  0.00000  0.00000  0.00000  0.00000  0.00000 -0.00806  0.00806  0.00806 -0.00806
  0.05640 -0.08057 -0.01611 -0.00806  0.00000 -0.00806  0.00000  0.00000 -0.00806  0.00806 -0.00806 -0.01611
  0.05640 -0.06445 -0.00806  0.00000  0.00000 -0.02417 -0.01611 -0.00806 -0.00806  0.00000 -0.00806 -0.01611
  0.04834 -0.06445 -0.00806  0.00000 -0.00806  0.00000 -0.00806  0.00000 -0.00806  0.00806 -0.00806 -0.01611
  0.04834 -0.07251 -0.01611  0.00000 -0.00806  0.00000  0.00000  0.00806  0.00000  0.00806 -0.01611 -0.01611
  0.04028 -0.06445 -0.02417 -0.00806  0.00000 -0.00806  0.00000  0.00000 -0.00806  0.00806  0.00806 -0.00806
  0.04834 -0.07251 -0.02417 -0.00806 -0.00806  0.00000  0.01611  0.00806  0.00000  0.00806  0.00000 -0.00806
  0.04834 -0.07251 -0.00806 -0.03223 -0.00806  0.00000 -0.00806 -0.00806 -0.01611 -0.00806 -0.00806 -0.00806
  0.05640 -0.06445 -0.02417 -0.00806  0.00000  0.00000  0.00000  0.00000 -0.00806  0.00806 -0.00806 -0.01611
  0.04834 -0.07251 -0.02417 -0.00806  0.00000  0.00000  0.01611  0.01611  0.00000  0.00806  0.00000 -0.00806
  0.04834 -0.08057 -0.01611  0.00806  0.00000  0.00806  0.00000  0.00806 -0.00806  0.02417  0.00806  0.00000
  0.04834 -0.07251 -0.01611  0.00000  0.00806 -0.00806  0.00000  0.00806 -0.00806  0.00000  0.00000 -0.01611
  0.04028 -0.08057 -0.01611 -0.00806  0.00000  0.00000  0.00000  0.00000 -0.00806  0.00000 -0.00806 -0.00806
  0.04834 -0.08057 -0.00806 -0.00806  0.00000  0.00806  0.00000  0.00000 -0.00806  0.00000 -0.00806 -0.00806
  0.05640 -0.07251 -0.01611  0.00000  0.00000  0.00806  0.00000  0.00806 -0.02417 -0.00806 -0.01611 -0.02417
  0.04834 -0.07251 -0.02417  0.00000  0.00000  0.00806  0.00806  0.00806 -0.00806  0.00000 -0.00806 -0.00806
  0.04834 -0.08057 -0.02417 -0.00806  0.00000  0.00000  0.00000  0.00000  0.00000  0.01611  0.00000 -0.01611
  0.04834 -0.08057 -0.02417 -0.00806 -0.00806  0.00000  0.00000  0.00000  0.00000  0.00806  0.00000 -0.01611
  0.04028 -0.08057 -0.02417 -0.00806  0.00000  0.00000  0.00000  0.00000 -0.00806  0.00000 -0.00806 -0.01611
  0.04834 -0.08057 -0.02417  0.00000  0.00000  0.00000  0.00000  0.00000 -0.00806  0.00000 -0.00806 -0.00806
  0.05640 -0.06445 -0.00806 -0.01611 -0.00806  0.00806  0.00000  0.00000  0.00000  0.00000 -0.00806 -0.01611

  0.02417 -0.04028 -0.01611 -0.00806  0.00806  0.00806  0.00000 -0.00806 -0.00806  0.00806 -0.01611 -0.01611
  0.01611 -0.04834 -0.01611  0.00000  0.00000  0.00000  0.00806  0.00806  0.00000  0.00000  0.00000 -0.01611
  0.01611 -0.04028 -0.01611 -0.00806 -0.00806  0.00000  0.00000  0.00806 -0.00806  0.00806 -0.01611 -0.01611
  0.02417 -0.04028 -0.00806  0.00000  0.00000  0.00806  0.00806  0.00806 -0.00806 -0.00806 -0.01611 -0.01611
  0.01611 -0.03223 -0.00806  0.00000 -0.00806  0.00000  0.00000  0.00000 -0.01611  0.00806 -0.00806 -0.01611
  0.01611 -0.04834 -0.02417 -0.00806  0.00000  0.00806  0.00000  0.00000 -0.00806  0.00806  0.00000 -0.00806
  0.01611 -0.04834 -0.01611 -0.00806  0.00806  0.01611  0.00000  0.00000 -0.00806  0.00000 -0.01611 -0.00806
  0.01611 -0.04028 -0.01611 -0.00806  0.00000  0.00000  0.00000  0.01611  0.00806  0.00806 -0.00806 -0.01611
  0.01611 -0.04028 -0.01611  0.00000  0.00000  0.00806  0.00000  0.00806  0.00000  0.00806 -0.00806 -0.01611
  0.02417 -0.04028 -0.01611  0.01611  0.01611  0.01611  0.00806  0.01611  0.00000  0.01611  0.00000 -0.00806
  0.01611 -0.04834 -0.01611 -0.00806 -0.00806  0.00000  0.00000  0.00000  0.00000  0.00806 -0.00806  0.00000
  0.03223 -0.04028 -0.02417 -0.00806  0.00000  0.00806 -0.00806  0.00000 -0.00806  0.00000 -0.00806 -0.01611
  0.02417 -0.04028 -0.01611 -0.00806  0.00000  0.00000  0.01611  0.01611  0.00000  0.00806  0.00000 -0.00806
  0.03223 -0.04028 -0.01611 -0.00806 -0.00806  0.01611  0.00000  0.00000  0.00000  0.00000 -0.00806 -0.01611
  0.01611 -0.04834 -0.01611 -0.00806  0.00000  0.00000  0.00000  0.00000  0.00000  0.00806 -0.00806 -0.02417
  0.01611 -0.04834 -0.00806 -0.00806  0.00000  0.00806  0.00000  0.00000 -0.00806  0.00000 -0.00806 -0.00806
  0.01611 -0.04834 -0.00806 -0.00806 -0.00806  0.00000  0.00000  0.00000 -0.00806  0.00000 -0.00806 -0.00806
  0.01611 -0.04834 -0.01611 -0.00806  0.00000  0.00806  0.00806  0.00806 -0.01611  0.00000 -0.00806 -0.01611
  0.01611 -0.04834 -0.02417 -0.00806 -0.00806  0.00000  0.00806  0.00806 -0.00806  0.00806 -0.00806 -0.00806
  0.01611 -0.04834 -0.01611 -0.00806  0.00000  0.00000 -0.00806  0.00000  0.00000  0.00806 -0.00806 -0.00806
  0.03223 -0.04834 -0.02417  0.00000  0.00000  0.00000  0.00000  0.00000 -0.00806  0.00806  0.00000 -0.00806
  0.02417 -0.04028 -0.00806 -0.00806 -0.00806  0.00000  0.00000  0.00000 -0.00806  0.00000 -0.00806 -0.01611
  0.02417 -0.04834 -0.01611  0.00806  0.00806  0.00806 -0.00806  0.00000  0.00000  0.00000 -0.00806 -0.00806
  0.02417 -0.04834 -0.01611  0.00000  0.00806  0.00806 -0.00806 -0.00806 -0.01611  0.00000 -0.01611 -0.01611

  0.01611 -0.04028 -0.02417 -0.00806  0.00000  0.00000  0.00000  0.00000 -0.00806  0.00000  0.00000 -0.00806
  0.01611 -0.04028 -0.01611  0.00806  0.00000 -0.00806 -0.00806  0.00000 -0.00806  0.00000 -0.00806 -0.01611
  0.00806 -0.04834 -0.02417 -0.00806 -0.00806  0.00000  0.00000  0.00000 -0.00806  0.00000 -0.00806 -0.01611
  0.02417 -0.03223 -0.00806  0.00806  0.00806  0.00806  0.00000  0.00806  0.00000  0.00806  0.00000 -0.00806
  0.01611 -0.04028 -0.02417  0.00000  0.00000  0.00000  0.00000  0.00000  0.00000  0.00806  0.00000 -0.02417
  0.03223 -0.04028 -0.02417  0.00000  0.00000  0.00806 -0.00806  0.00000 -0.00806  0.00000 -0.00806 -0.01611
  0.02417 -0.04028 -0.01611  0.00806  0.00000  0.00000  0.00000  0.00000  0.00000  0.00000 -0.00806 -0.01611
  0.03223 -0.03223 -0.00806  0.00806  0.00806  0.01611  0.00806  0.00806  0.00000  0.00806 -0.01611 -0.01611
  0.01611 -0.04834 -0.01611 -0.00806 -0.00806  0.00000  0.00000  0.00000 -0.00806  0.00000 -0.00806 -0.00806
  0.02417 -0.03223 -0.00806  0.00806  0.00000  0.00806  0.00806  0.00806  0.00000  0.00806  0.00000 -0.00806
  0.03223 -0.03223 -0.01611 -0.00806  0.00000  0.00806  0.00000  0.00000 -0.00806  0.00000 -0.00806 -0.01611
  0.01611 -0.04028 -0.01611  0.00000  0.00000  0.00000  0.00806  0.00806 -0.00806  0.00806 -0.00806 -0.01611
  0.02417 -0.04834 -0.02417  0.00000  0.00000  0.00000  0.00000  0.00000 -0.00806  0.01611  0.00806 -0.00806
  0.02417 -0.04028 -0.01611  0.00000 -0.00806  0.01611  0.00000  0.01611  0.00806  0.01611  0.00806  0.00000
  0.01611 -0.04834 -0.02417  0.00000  0.00806  0.00806 -0.00806 -0.00806 -0.00806  0.00000 -0.00806 -0.01611
  0.01611 -0.04834 -0.02417  0.00806  0.00806  0.00000 -0.00806  0.00000 -0.00806  0.00000 -0.00806 -0.01611
  0.01611 -0.04028 -0.01611 -0.00806  0.00000  0.00806  0.00806  0.00806  0.00000  0.00000 -0.01611 -0.01611
  0.01611 -0.04028 -0.01611 -0.00806  0.00000  0.00806  0.00806  0.01611  0.00000  0.00000 -0.00806 -0.01611
  0.01611 -0.04834 -0.02417 -0.00806 -0.00806  0.00000 -0.00806  0.00000 -0.00806  0.00806  0.00000 -0.01611
  0.01611 -0.04834 -0.02417 -0.00806 -0.00806  0.00000 -0.00806  0.00000 -0.00806  0.00806  0.00000 -0.00806
  0.02417 -0.04028 -0.00806  0.00806  0.00000  0.00806  0.00000  0.00806  0.00000  0.00806  0.00000  0.00000
  0.02417 -0.05640 -0.02417 -0.00806 -0.00806  0.00000  0.00000  0.00000 -0.00806  0.00000 -0.00806 -0.01611
  0.02417 -0.04834 -0.01611  0.00000 -0.00806  0.00000  0.00000  0.01611  0.00000  0.00806 -0.00806 -0.01611
  0.02417 -0.04834 -0.02417 -0.00806  0.00000  0.00000 -0.00806  0.00806  0.00000  0.00806 -0.01611 -0.01611

  0.01611 -0.04834 -0.01611  0.00806  0.00000  0.00000  0.00000  0.00000 -0.00806  0.00000 -0.00806 -0.01611
  0.01611 -0.04028 -0.02417 -0.00806  0.00000  0.00000  0.00000  0.00000  0.00000  0.00806  0.00000 -0.02417
  0.00000 -0.04834 -0.03223 -0.00806 -0.00806  0.00000 -0.00806 -0.00806 -0.00806  0.00000 -0.00806 -0.00806
  0.01611 -0.04834 -0.01611 -0.00806 -0.00806  0.00806  0.00000  0.00000 -0.00806  0.00000 -0.00806 -0.00806
  0.02417 -0.04028 -0.02417 -0.01611  0.00000  0.00000  0.00000  0.01611  0.00806  0.00806  0.00000 -0.00806
  0.01611 -0.04028 -0.02417 -0.00806  0.00000  0.00806  0.00806  0.00806 -0.00806  0.00000 -0.00806 -0.00806
  0.01611 -0.04834 -0.02417  0.00000  0.00000  0.00000  0.00000  0.00000  0.00000  0.01611  0.00000 -0.00806
  0.02417 -0.04028 -0.02417  0.00000  0.00000  0.00000  0.00000  0.00000 -0.00806  0.00806  0.00000 -0.00806
  0.01611 -0.04834 -0.02417 -0.00806  0.00000  0.01611  0.00806  0.00806  0.00000  0.00806  0.00000 -0.00806
  0.02417 -0.04028 -0.00806  0.00806  0.00806  0.00806  0.00806  0.00806  0.00000  0.00806  0.00000 -0.00806
  0.03223 -0.03223 -0.01611 -0.00806 -0.00806  0.00000  0.00000 -0.00806 -0.00806  0.00000 -0.00806 -0.01611
  0.02417 -0.04028 -0.02417  0.00806 -0.00806  0.00000  0.00000  0.00000 -0.00806  0.00000 -0.00806 -0.01611
  0.02417 -0.03223 -0.01611  0.00000 -0.00806  0.00000  0.00806  0.00000 -0.00806  0.00000 -0.00806 -0.01611
  0.02417 -0.04834 -0.02417  0.00000  0.00000  0.00000  0.00000  0.00000 -0.00806  0.00806  0.00000 -0.00806
  0.00806 -0.04834 -0.03223 -0.00806 -0.00806 -0.00806 -0.00806 -0.00806 -0.01611  0.00806  0.00000 -0.01611
  0.01611 -0.05640 -0.03223  0.00000 -0.00806  0.00000 -0.00806 -0.00806 -0.00806 -0.00806 -0.00806 -0.01611
  0.02417 -0.04834 -0.02417  0.00000 -0.00806  0.00000  0.00000  0.00000 -0.00806  0.00000 -0.00806 -0.01611
  0.01611 -0.04028 -0.02417  0.00000  0.00000  0.00000  0.00806  0.01611  0.00000  0.00000 -0.00806 -0.01611
  0.01611 -0.04028 -0.02417 -0.00806  0.00000  0.00000  0.00000  0.00806  0.00000  0.00806 -0.01611 -0.01611
  0.02417 -0.04028 -0.01611  0.00000  0.00000  0.00806  0.00000  0.00000  0.00000  0.00806  0.00000 -0.03223
  0.02417 -0.03223 -0.02417 -0.01611 -0.00806  0.00000 -0.00806 -0.00806 -0.01611  0.00000 -0.00806 -0.00806
  0.01611 -0.04834 -0.03223 -0.00806  0.00000  0.00000 -0.00806  0.00000 -0.00806  0.00000 -0.00806 -0.00806
  0.02417 -0.04028 -0.02417 -0.00806  0.00806  0.00000 -0.00806  0.00000 -0.00806  0.00000 -0.00806 -0.00806
  0.02417 -0.04028 -0.02417 -0.00806  0.00806  0.00000  0.00000  0.00000 -0.00806  0.00000 -0.00806 -0.01611

  0.01611 -0.04028 -0.02417 -0.00806  0.00000  0.00000  0.00000  0.00000 -0.00806  0.00000  0.00000 -0.00806
  0.02417 -0.04028 -0.00806  0.00806  0.00806  0.00806  0.00000  0.00806  0.00000  0.00806 -0.00806 -0.02417
  0.01611 -0.04834 -0.01611 -0.00806  0.00806  0.01611  0.00806  0.00000 -0.00806  0.00000  0.00000 -0.01611
  0.01611 -0.04834 -0.02417 -0.00806  0.00000  0.00806  0.00806  0.00000 -0.00806  0.00000  0.00000 -0.01611
  0.00806 -0.04834 -0.01611  0.00000  0.00000  0.00000  0.00000  0.00000  0.00000  0.00806  0.00000 -0.01611
  0.02417 -0.04028 -0.02417 -0.00806  0.00806  0.00000  0.00000  0.00000 -0.00806  0.00000 -0.00806 -0.01611
  0.01611 -0.04834 -0.00806  0.00806  0.00000 -0.00806 -0.00806  0.00806 -0.00806  0.00000 -0.00806 -0.01611
  0.01611 -0.04834 -0.01611  0.00806  0.00000  0.00000  0.00000 -0.00806 -0.01611  0.00000 -0.00806 -0.02417
  0.01611 -0.04028 -0.02417 -0.00806  0.00000  0.00000  0.00806  0.00806  0.00000  0.00806 -0.00806 -0.01611
  0.02417 -0.03223 -0.00806  0.00806  0.00806  0.00806  0.00806  0.00806  0.00000  0.00806  0.00000 -0.00806
  0.01611 -0.04028 -0.01611  0.00000 -0.00806  0.00000  0.00000  0.00806  0.00000  0.01611  0.00000 -0.02417
  0.02417 -0.03223 -0.01611 -0.00806  0.00000  0.00806  0.00000  0.00000 -0.00806  0.00000 -0.00806 -0.01611
  0.01611 -0.04028 -0.00806  0.00806  0.00806  0.00806 -0.00806  0.00000  0.00000  0.00000 -0.00806 -0.01611
  0.01611 -0.04834 -0.02417  0.00000  0.00000  0.00000 -0.01611  0.00000 -0.00806  0.00000  0.01611  0.00000
  0.00806 -0.04028 -0.00806 -0.00806  0.00000  0.00000  0.00000  0.00000 -0.00806  0.00000 -0.00806 -0.00806
  0.00806 -0.04028 -0.02417  0.00000 -0.00806  0.00000  0.00000  0.00000 -0.00806  0.00000 -0.00806 -0.00806
  0.02417 -0.04028 -0.00806  0.00000  0.00000  0.00806  0.00000 -0.02417 -0.01611  0.00000 -0.01611 -0.01611
  0.02417 -0.03223 -0.01611 -0.00806 -0.00806 -0.00806  0.00806  0.00000 -0.00806  0.00000 -0.00806 -0.01611
  0.02417 -0.04834 -0.01611 -0.00806  0.00000  0.00000 -0.00806  0.00000 -0.00806  0.00806  0.00000 -0.00806
  0.02417 -0.04834 -0.01611  0.00000  0.00000  0.00000  0.00000  0.00000 -0.00806  0.00806  0.00806 -0.01611
  0.01611 -0.05640 -0.01611 -0.00806 -0.00806  0.00000  0.00000 -0.00806 -0.00806  0.00000 -0.00806 -0.01611
  0.01611 -0.04834 -0.02417  0.00000  0.00806  0.00806  0.00000  0.00000 -0.00806  0.00806 -0.00806 -0.01611
  0.01611 -0.04834 -0.01611  0.00000  0.00000  0.00000  0.00806  0.00806  0.00000  0.00000 -0.00806 -0.01611
  0.02417 -0.04834 -0.02417 -0.00806  0.00000  0.00000  0.00000  0.00806  0.00000  0.00806 -0.01611 -0.00806

  0.01611 -0.04028 -0.00806  0.00806  0.00000  0.00000  0.00000  0.00806 -0.00806  0.00000 -0.00806 -0.01611
  0.00806 -0.04834 -0.02417 -0.00806 -0.00806  0.00000  0.00000  0.00000 -0.00806  0.00000 -0.01611 -0.02417
  0.01611 -0.04834 -0.01611 -0.00806  0.00000  0.00806  0.00806  0.00000 -0.01611  0.00000  0.00000 -0.01611
  0.00806 -0.04834 -0.01611  0.00000  0.00000  0.00000  0.00000  0.00000  0.00000  0.01611  0.00000 -0.02417
  0.00806 -0.04834  0.00806 -0.00806  0.00000  0.00000 -0.00806  0.00000 -0.00806  0.00806 -0.00806 -0.00806
  0.00000 -0.05640 -0.04028  0.00806  0.00000  0.00806  0.00806  0.00806 -0.00806  0.00806 -0.01611 -0.01611
 -0.00806 -0.05640 -0.01611 -0.00806  0.00000  0.00806  0.00806  0.00806 -0.00806  0.00000 -0.00806 -0.00806
 -0.05640 -0.07251 -0.08862  0.00000  0.00000  0.00000  0.00806  0.00806  0.00000  0.00000 -0.00806 -0.00806
 -0.08057 -0.03223 -0.11279 -0.00806 -0.00806  0.00806 -0.00806 -0.00806 -0.00806  0.00000 -0.01611 -0.01611
 -0.07251 -0.11279 -0.11279 -0.00806  0.00000  0.00000  0.00000  0.00806 -0.00806  0.00000 -0.00806 -0.01611
 -0.16113 -0.09668 -0.18530 -0.00806  0.00000  0.00000 -0.00806 -0.00806 -0.01611  0.00000 -0.00806 -0.00806
 -0.20142  0.01611 -0.24170  0.00000  0.00806  0.00806 -0.00806  0.00000  0.00000  0.00000 -0.00806 -0.01611
 -0.20142 -0.00806 -0.25781  0.00806 -0.00806  0.00000  0.00000  0.00000 -0.00806  0.00000 -0.00806 -0.01611
 -0.20947 -0.05640 -0.25781  0.00806 -0.00806  0.00000 -0.00806  0.00000  0.00000  0.00000 -0.00806 -0.01611
 -0.16919 -0.08862 -0.17725  0.00000 -0.01611  0.00000  0.00000  0.00000  0.00806  0.01611  0.00000 -0.00806
 -0.12085 -0.14502 -0.12085 -0.00806 -0.00806  0.00000  0.00000  0.00806  0.00000  0.00000 -0.01611 -0.02417
 -0.08057 -0.10474 -0.09668  0.00000  0.00000  0.00000  0.00000  0.00000 -0.00806  0.00806  0.00000 -0.00806
 -0.16113 -0.13696 -0.09668 -0.00806 -0.00806  0.00000  0.00000  0.00000 -0.00806  0.00806  0.00000 -0.00806
 -0.20947 -0.15308 -0.16113  0.00000  0.00806  0.00806  0.00000  0.00000 -0.00806  0.01611 -0.00806 -0.01611
 -0.24170 -0.16919 -0.17725  0.00000  0.00000  0.00000  0.00000  0.01611  0.00000  0.00806 -0.00806 -0.01611
 -0.22559 -0.16919 -0.19336 -0.00806 -0.00806  0.00000 -0.00806  0.00000  0.00000  0.00000 -0.01611 -0.02417
 -0.23364 -0.16919 -0.17725  0.00000  0.00000  0.00806  0.00000  0.00806 -0.00806 -0.01611 -0.01611 -0.02417
 -0.20947 -0.15308 -0.10474  0.00000 -0.00806  0.00000  0.00000  0.00806 -0.00806  0.00000 -0.01611 -0.01611
 -0.15308 -0.12085 -0.07251 -0.00806  0.00000  0.00806  0.00000  0.00000 -0.00806  0.00806 -0.00806  0.00000

  0.16113  0.42700 -0.00806  0.00000  0.00000  0.00000  0.00000  0.00000  0.00000  0.00806 -0.00806 -0.01611
  0.14502  0.41089  0.05640 -0.00806 -0.00806  0.00000  0.00000  0.00806  0.00000  0.00806 -0.00806 -0.01611
  0.08862  0.40283  0.08862 -0.00806  0.00000 -0.00806 -0.00806 -0.00806 -0.01611  0.00000 -0.00806 -0.00806
  0.08057  0.35449 -0.07251 -0.00806  0.00000  0.00806 -0.00806  0.00000 -0.00806  0.00000 -0.00806 -0.01611
  0.07251  0.33838 -0.06445 -0.00806  0.00000  0.00806 -0.00806  0.00000 -0.00806  0.00000 -0.00806 -0.01611
  0.06445  0.36255  0.02417 -0.01611 -0.00806  0.00000 -0.00806  0.01611  0.00000  0.00806  0.00000 -0.00806
  0.05640  0.34644  0.04834 -0.00806 -0.00806  0.00000  0.00000  0.00000  0.00000  0.00806 -0.00806 -0.02417
  0.04028  0.33032  0.08057 -0.00806  0.00000  0.00000  0.00000  0.00000 -0.00806  0.00000 -0.00806 -0.00806
  0.00000  0.30615 -0.02417  0.00000  0.01611  0.00806  0.00806  0.00806  0.00000  0.00806  0.00000 -0.00806
  0.00806  0.25781 -0.09668 -0.00806  0.00000  0.00806  0.00000  0.00000 -0.00806  0.00000 -0.00806 -0.00806
 -0.04028  0.24170 -0.08057 -0.00806 -0.00806  0.00000 -0.00806  0.00000  0.00000  0.00000 -0.00806 -0.01611
 -0.06445  0.25781  0.01611 -0.00806 -0.00806  0.00000  0.00000 -0.00806 -0.00806  0.00000 -0.00806 -0.01611
 -0.07251  0.24170  0.04028  0.00000  0.00000  0.00000 -0.00806 -0.00806 -0.01611  0.00000 -0.00806 -0.00806
 -0.10474  0.16919 -0.04834  0.00806  0.00806  0.00806  0.00000 -0.00806  0.00000  0.00000 -0.00806 -0.01611
 -0.16113  0.12085 -0.13696 -0.00806  0.00000  0.00000  0.00806  0.01611  0.00000  0.00000 -0.01611 -0.00806
 -0.23364  0.13696 -0.08057  0.00000  0.00000  0.00000  0.00000  0.00000 -0.00806  0.00806  0.00000 -0.01611
 -0.23364  0.15308 -0.03223  0.00000  0.00000  0.00806  0.00806  0.00000 -0.01611  0.00806 -0.01611 -0.01611
 -0.15308  0.15308 -0.05640 -0.00806  0.00000  0.00000  0.00806 -0.00806 -0.00806  0.00000 -0.00806 -0.01611
 -0.08862  0.10474 -0.11279  0.00806  0.00806  0.00806  0.00000  0.00000 -0.00806  0.00806 -0.00806 -0.01611
 -0.08862  0.06445 -0.13696  0.00806  0.00000  0.00806  0.00806  0.00000  0.00000  0.00806  0.00000 -0.00806
 -0.12085  0.06445 -0.12085  0.00000 -0.00806  0.00806  0.00000  0.00000 -0.00806  0.00000 -0.00806 -0.01611
 -0.12891  0.04028 -0.05640 -0.00806 -0.00806 -0.00806 -0.00806 -0.00806 -0.00806  0.00000 -0.00806 -0.01611
 -0.08057  0.04028 -0.04028  0.00000 -0.00806  0.00000  0.00000  0.00806 -0.00806  0.00000 -0.00806 -0.01611
 -0.08862  0.02417 -0.06445 -0.00806  0.00000  0.00000  0.00000  0.00000 -0.00806  0.00000  0.00000 -0.00806

 -0.04834  0.23364 -0.07251  0.00000  0.00806  0.00806  0.00000  0.00000 -0.00806  0.00806 -0.01611 -0.01611
 -0.04834  0.25781 -0.08057 -0.00806  0.00000  0.00000  0.00000 -0.01611 -0.00806  0.00000 -0.00806  0.00000
 -0.03223  0.26587 -0.07251  0.00806 -0.00806  0.00000 -0.00806  0.00000 -0.00806  0.00000 -0.00806 -0.01611
 -0.00806  0.28198 -0.07251  0.00000 -0.00806 -0.00806  0.00000  0.00000  0.00000  0.00000 -0.00806 -0.01611
 -0.00806  0.29004 -0.05640  0.00000 -0.01611  0.00000  0.00000 -0.00806 -0.00806  0.00000 -0.01611 -0.00806
  0.00000  0.29810 -0.04028  0.00000 -0.00806 -0.00806  0.00000  0.00000 -0.00806  0.00000 -0.00806 -0.01611
  0.00000  0.29810 -0.04834  0.00000  0.00000  0.00000  0.00000  0.00000  0.00000  0.00806  0.00000 -0.00806
  0.01611  0.31421 -0.04834 -0.00806  0.00000  0.00000  0.00000  0.00000 -0.00806  0.00806  0.00806 -0.00806
  0.02417  0.32227 -0.06445 -0.00806 -0.00806  0.00000  0.00000 -0.00806 -0.01611  0.00000 -0.00806 -0.01611
  0.02417  0.33838 -0.06445  0.00000  0.00000  0.00806  0.00000 -0.00806 -0.00806  0.00000 -0.00806 -0.01611
  0.02417  0.34644 -0.06445  0.00000  0.00000  0.00000  0.00000  0.00806  0.00000  0.00806 -0.01611 -0.01611
  0.02417  0.35449 -0.07251 -0.00806 -0.00806  0.00000 -0.00806  0.00806  0.00000  0.00806 -0.00806 -0.01611
  0.02417  0.37061 -0.07251 -0.00806  0.00000  0.00000  0.00000  0.00000 -0.00806  0.00000  0.00000  0.00000
  0.03223  0.37061 -0.05640  0.00806  0.00000 -0.00806  0.00000  0.00806 -0.00806  0.00000 -0.00806 -0.01611
  0.04028  0.37866 -0.06445  0.00000  0.00000  0.00806  0.00806  0.00000 -0.00806  0.00000  0.00000 -0.01611
  0.05640  0.37866 -0.06445 -0.00806  0.00000  0.00000  0.00806  0.00806 -0.01611  0.00000  0.00000 -0.02417
  0.07251  0.40283 -0.07251 -0.00806 -0.00806  0.00000  0.00000 -0.00806 -0.00806  0.00000 -0.00806 -0.01611
  0.05640  0.39478 -0.07251  0.00806  0.00000 -0.00806 -0.00806  0.00000 -0.00806  0.00000 -0.00806 -0.01611
  0.05640  0.41895 -0.08862 -0.00806  0.00000  0.00806  0.00806  0.00806  0.00000  0.00000 -0.01611 -0.01611
  0.08057  0.41895 -0.08057  0.00000  0.00000  0.00806  0.00806  0.00806  0.00000  0.00000 -0.00806 -0.01611
  0.09668  0.41895 -0.06445  0.00000  0.00000  0.00000  0.00000  0.00000  0.00000  0.01611  0.00000 -0.01611
  0.12085  0.42700 -0.07251  0.00000  0.00000  0.00000  0.00000  0.00000  0.00000  0.01611  0.00000 -0.02417
  0.12085  0.42700 -0.08057 -0.00806 -0.00806 -0.00806  0.00000 -0.00806 -0.01611  0.00000 -0.01611 -0.00806
  0.12891  0.42700 -0.07251 -0.00806 -0.00806  0.00000  0.00000  0.00000 -0.00806  0.01611  0.00000 -0.00806

 -0.09668  0.02417  0.03223  0.00000  0.00000  0.00000 -0.00806  0.00000  0.00000  0.00000 -0.00806 -0.01611
 -0.08862  0.03223  0.04028 -0.00806 -0.00806  0.00000  0.00000 -0.00806 -0.00806  0.00000 -0.00806 -0.00806
 -0.19336  0.03223  0.03223 -0.00806 -0.00806  0.00000  0.00000  0.00000 -0.00806  0.00000 -0.00806 -0.00806
 -0.16113  0.02417  0.02417  0.00000 -0.00806  0.00806  0.00000  0.00000  0.00806  0.01611  0.00806  0.00000
 -0.11279  0.04028 -0.00806  0.00000 -0.00806  0.00000 -0.00806  0.00806 -0.00806  0.00000 -0.00806 -0.01611
 -0.12085  0.02417 -0.00806  0.00000  0.00000  0.00000  0.00000  0.00000 -0.00806  0.01611  0.00000 -0.01611
 -0.10474 -0.00806 -0.01611  0.00000 -0.00806  0.00000  0.00000  0.00000 -0.00806  0.00000  0.00000 -0.00806
 -0.02417  0.00806 -0.02417  0.00000  0.00000  0.01611  0.00806  0.00806  0.00000  0.00806  0.00000 -0.00806
 -0.01611  0.00000 -0.02417  0.00000  0.00000  0.00000  0.00806  0.01611  0.00000  0.00806 -0.00806 -0.01611
 -0.02417  0.00000 -0.02417 -0.00806 -0.00806  0.00000  0.00000  0.00000 -0.00806  0.00806  0.00000 -0.00806
 -0.00806 -0.00806 -0.02417 -0.00806  0.00000  0.00000  0.00000  0.00000 -0.00806  0.00806  0.00000 -0.00806
 -0.02417 -0.02417 -0.02417 -0.00806  0.00000 -0.00806  0.00000  0.00000 -0.00806  0.00000 -0.00806 -0.01611
 -0.03223 -0.01611 -0.03223  0.00000  0.00000  0.00000  0.00000  0.00000 -0.00806  0.00806  0.00806 -0.00806
 -0.08057 -0.03223 -0.02417 -0.00806  0.00000  0.00000  0.00000  0.00000 -0.00806  0.00000 -0.00806 -0.01611
 -0.11279 -0.02417 -0.01611  0.00000  0.00000  0.00806  0.01611  0.01611  0.00000  0.01611  0.00806 -0.00806
 -0.08862 -0.01611 -0.04028 -0.01611 -0.00806  0.00000 -0.00806  0.00000  0.00000  0.00000 -0.00806 -0.02417
 -0.06445 -0.02417 -0.02417  0.00000  0.00000  0.00806  0.00000  0.00000 -0.00806  0.00000  0.00000 -0.00806
 -0.04834 -0.02417 -0.00806  0.01611  0.01611  0.01611  0.00806  0.01611  0.00806  0.01611  0.00000 -0.00806
 -0.01611 -0.00806 -0.01611 -0.00806  0.00000  0.00000  0.00000  0.00000 -0.00806  0.00000  0.00000 -0.00806
  0.00000 -0.01611 -0.03223  0.00000  0.00000  0.00806  0.00806  0.00000 -0.01611  0.00000  0.00000 -0.01611
 -0.01611 -0.00806 -0.06445  0.00000  0.00000  0.00806  0.00806  0.00000 -0.01611  0.00000  0.00000 -0.01611
 -0.06445  0.00000 -0.06445  0.00806  0.00806  0.01611  0.00806  0.01611  0.00000  0.01611  0.00000 -0.00806
 -0.09668  0.00000 -0.09668 -0.00806  0.00000  0.00000 -0.00806  0.00000 -0.00806  0.00000 -0.00806 -0.01611
 -0.11279 -0.02417 -0.12085  0.00806  0.00000 -0.00806 -0.00806  0.00000 -0.00806  0.00000 -0.00806 -0.01611

  0.01611 -0.04028 -0.04028  0.00000 -0.00806  0.00000  0.00000  0.00000 -0.00806  0.00806  0.00000 -0.00806
  0.01611 -0.04834 -0.03223  0.00000  0.00000 -0.00806 -0.00806  0.00000 -0.00806  0.00000 -0.00806 -0.01611
  0.00806 -0.04028 -0.02417 -0.00806  0.00000  0.00806  0.00000 -0.00806 -0.00806  0.00000 -0.00806 -0.00806
  0.01611 -0.04028 -0.01611  0.00000  0.00000  0.00000  0.00000  0.01611  0.00000  0.00000 -0.00806 -0.01611
  0.00806 -0.04834 -0.00806 -0.00806  0.00000  0.00000  0.00000  0.00806  0.00000  0.00806 -0.01611 -0.01611
  0.00806 -0.04028 -0.00806 -0.00806  0.00000  0.00000  0.00000  0.00000 -0.00806  0.00806  0.00000 -0.00806
  0.00806 -0.03223  0.00000  0.00000 -0.00806  0.00000  0.00000  0.00000 -0.00806  0.00000 -0.00806 -0.01611
  0.00806 -0.03223 -0.00806  0.00000  0.00000  0.00000  0.00000  0.00806 -0.00806  0.00000 -0.00806 -0.01611
  0.00806 -0.04028 -0.01611 -0.00806  0.00000  0.00806  0.00000  0.00000 -0.00806  0.00000  0.00000 -0.01611
  0.01611 -0.03223 -0.00806  0.00806  0.00806 -0.01611 -0.00806 -0.00806 -0.00806  0.00000 -0.00806 -0.00806
  0.00806 -0.03223 -0.02417  0.00000 -0.00806  0.00000  0.00806 -0.00806 -0.00806  0.00000 -0.00806 -0.01611
 -0.00806 -0.03223 -0.01611  0.00806  0.00806  0.00806  0.00806  0.00000 -0.02417 -0.00806 -0.01611 -0.01611
 -0.04028 -0.04028 -0.03223  0.00806  0.00000 -0.00806  0.00000  0.00806 -0.00806  0.00000 -0.00806 -0.01611
 -0.05640 -0.03223 -0.04834 -0.00806  0.00000  0.00000  0.00000  0.00000 -0.00806  0.00806  0.00000 -0.00806
 -0.06445 -0.02417 -0.08862 -0.00806  0.00000  0.00000  0.00000  0.00000 -0.00806  0.00000 -0.00806 -0.00806
 -0.14502 -0.04028 -0.12891 -0.00806 -0.00806  0.00000  0.00000  0.00000 -0.00806  0.00000 -0.01611 -0.02417
 -0.20142 -0.04834 -0.13696  0.00000  0.00000  0.00000  0.00000  0.00000  0.00000  0.00806  0.00000 -0.02417
 -0.20947 -0.05640 -0.13696 -0.02417 -0.00806 -0.00806 -0.00806 -0.00806  0.00000  0.00806 -0.00806 -0.01611
 -0.18530 -0.05640 -0.12085 -0.00806 -0.00806  0.00000  0.00000  0.00000 -0.00806  0.00000 -0.00806 -0.00806
 -0.13696 -0.05640 -0.11279  0.00806  0.00000  0.00806  0.00000  0.00000  0.00000  0.00000 -0.00806 -0.01611
 -0.12891 -0.07251 -0.10474  0.00000  0.00000  0.00000  0.00806  0.00806  0.00000  0.00806 -0.00806 -0.00806
 -0.18530 -0.07251 -0.07251  0.00000  0.00000  0.00000  0.00806  0.00806  0.00000 -0.00806 -0.01611 -0.00806
 -0.16919 -0.06445 -0.08862 -0.00806 -0.00806 -0.00806  0.00806  0.00000 -0.00806  0.00000 -0.00806 -0.00806
 -0.15308 -0.01611 -0.09668  0.00806  0.00806  0.00806 -0.00806  0.00000 -0.00806  0.00000 -0.00806 -0.01611

 -0.04834 -0.05640 -0.09668  0.00000  0.00000 -0.00806 -0.00806 -0.00806  0.00000 -0.00806 -0.01611 -0.01611
 -0.11279 -0.02417 -0.09668  0.00806  0.00000  0.00000 -0.00806  0.00000  0.00000  0.00000 -0.00806 -0.01611
 -0.12891 -0.02417 -0.09668  0.00000 -0.00806  0.00000  0.00000  0.00000 -0.00806  0.00000 -0.00806 -0.00806
  0.03223 -0.03223 -0.09668 -0.00806 -0.00806  0.00806 -0.00806  0.00000 -0.00806  0.00000 -0.00806 -0.01611
 -0.00806 -0.01611 -0.08862 -0.01611  0.00000 -0.00806 -0.00806  0.00000 -0.00806  0.00000 -0.00806 -0.01611
 -0.03223 -0.03223 -0.08862 -0.00806 -0.00806 -0.00806 -0.00806  0.00000 -0.00806  0.00806 -0.00806 -0.01611
 -0.13696 -0.03223 -0.04028  0.00000  0.00000  0.00000  0.00000  0.00000  0.00000  0.01611  0.00000 -0.01611
 -0.16919 -0.04028 -0.01611  0.00000 -0.00806  0.00000  0.00000  0.00000 -0.00806  0.00000 -0.00806 -0.01611
 -0.08862 -0.04834 -0.00806  0.00000 -0.00806  0.00000  0.00000  0.00000 -0.00806  0.00000 -0.00806 -0.01611
 -0.06445 -0.04028 -0.00806  0.00000  0.00000  0.00000  0.00806  0.00806  0.00000  0.00000 -0.00806 -0.00806
 -0.04028 -0.03223 -0.02417 -0.00806  0.00000  0.00000  0.00806  0.00806  0.00000 -0.00806 -0.00806 -0.01611
 -0.03223 -0.00806 -0.02417 -0.00806  0.00000  0.00000  0.00000  0.00000 -0.00806  0.00806  0.00000 -0.00806
 -0.05640  0.01611 -0.03223 -0.00806  0.00000 -0.00806  0.00806  0.00000 -0.00806  0.00000 -0.00806 -0.01611
 -0.10474  0.03223 -0.10474  0.00000  0.00000 -0.00806  0.00806 -0.00806 -0.00806  0.00000 -0.00806 -0.01611
 -0.10474  0.02417 -0.15308 -0.00806  0.00000  0.00806  0.00000 -0.00806 -0.01611  0.00806 -0.01611 -0.02417
 -0.07251  0.04028 -0.19336  0.00000  0.00806  0.00806  0.00000 -0.00806 -0.00806  0.00806 -0.00806 -0.01611
 -0.06445  0.03223 -0.18530  0.00000  0.00000  0.00000  0.00806  0.00806  0.00000  0.00000 -0.00806 -0.01611
 -0.04834  0.05640 -0.16919  0.00000  0.00000  0.00000  0.00000  0.01611  0.00000  0.00806 -0.01611 -0.01611
 -0.01611  0.06445 -0.14502  0.00000  0.00000 -0.01611 -0.01611 -0.00806 -0.00806  0.00000 -0.00806 -0.01611
  0.00806  0.08057 -0.14502  0.00000  0.00000  0.00000  0.00000  0.00806  0.00806  0.01611  0.00806  0.00000
  0.01611  0.09668 -0.16113 -0.00806  0.00000  0.00806  0.00000  0.00000 -0.00806  0.00000 -0.00806 -0.01611
  0.04834  0.11279 -0.16919  0.00000  0.00000  0.00000  0.00000  0.00806  0.00806  0.00806 -0.00806 -0.01611
  0.04834  0.12891 -0.16113 -0.00806  0.00000  0.00806 -0.00806  0.00000 -0.00806  0.00000 -0.00806 -0.01611
  0.05640  0.12891 -0.12891  0.00806  0.00000 -0.00806  0.00000  0.00806 -0.00806  0.00000 -0.00806 -0.01611

  0.04028 -0.04834 -0.05640 -0.00806  0.00000  0.00000  0.00806  0.01611  0.00000 -0.00806 -0.00806 -0.01611
  0.03223 -0.04028 -0.05640 -0.00806  0.00000  0.00000  0.00000  0.00806  0.00000  0.00806 -0.00806 -0.01611
  0.03223 -0.04028 -0.05640 -0.00806  0.00000  0.00000  0.00000  0.00000 -0.00806  0.00806  0.00000 -0.00806
  0.03223 -0.04028 -0.04834  0.00000  0.00000  0.00000 -0.00806 -0.00806  0.00000  0.00000 -0.00806 -0.01611
  0.03223 -0.04028 -0.04028  0.00000  0.00806  0.00806  0.00806 -0.00806 -0.00806  0.00806 -0.00806 -0.01611
  0.02417 -0.04834 -0.04028 -0.00806  0.00000  0.00806 -0.00806 -0.00806 -0.00806 -0.00806 -0.01611 -0.01611
  0.03223 -0.04834 -0.04028 -0.00806  0.00000  0.00000  0.00000  0.00806  0.00000  0.00806 -0.00806 -0.01611
  0.04028 -0.04028 -0.04028 -0.00806  0.00806 -0.00806  0.00000  0.00000 -0.00806  0.00000 -0.00806 -0.01611
  0.03223 -0.04028 -0.03223  0.00806  0.00000  0.00000  0.00000  0.00806 -0.00806  0.00000 -0.00806 -0.01611
  0.04028 -0.04028 -0.03223  0.00000  0.00806  0.00806  0.00806  0.00806  0.00000  0.00806 -0.00806 -0.03223
  0.01611 -0.04834 -0.04834 -0.00806 -0.00806  0.00000 -0.00806 -0.00806 -0.00806  0.00000 -0.00806 -0.00806
  0.03223 -0.04028 -0.04834 -0.00806  0.00000  0.00000  0.00000  0.00000 -0.00806  0.00000 -0.00806 -0.00806
  0.04028 -0.04028 -0.04028  0.00000  0.00000  0.00000  0.01611  0.01611  0.00000  0.00806  0.00000  0.00000
  0.04028 -0.04028 -0.04028 -0.00806  0.00000  0.00000  0.00000  0.00000 -0.00806  0.00000 -0.00806 -0.01611
  0.03223 -0.04834 -0.03223  0.00806  0.00000  0.00000  0.00000  0.00000 -0.00806  0.00000 -0.00806 -0.01611
  0.02417 -0.04834 -0.03223  0.00806  0.00000  0.00000  0.00000  0.00000  0.00000  0.00000 -0.00806 -0.01611
  0.02417 -0.05640 -0.03223 -0.00806 -0.00806  0.00000  0.00000  0.00000 -0.00806  0.00000 -0.00806 -0.00806
  0.02417 -0.04028 -0.04834 -0.00806 -0.00806  0.00806  0.00000  0.00000 -0.00806  0.00000 -0.00806 -0.01611
  0.03223 -0.03223 -0.06445 -0.00806 -0.00806  0.00000 -0.00806  0.00000 -0.00806  0.00000 -0.00806 -0.01611
  0.02417 -0.03223 -0.08057  0.00806  0.00000  0.00806 -0.00806  0.00000  0.00000  0.00000 -0.00806 -0.01611
 -0.02417 -0.02417 -0.10474 -0.00806  0.00806  0.00000  0.00000  0.00806 -0.00806  0.00806 -0.01611 -0.02417
 -0.08057 -0.04834 -0.14502  0.00806  0.00806  0.00000 -0.00806  0.00000 -0.00806  0.00000 -0.00806 -0.01611
 -0.10474 -0.02417 -0.16113  0.00000  0.00000  0.00000  0.00806  0.00806 -0.00806  0.00000 -0.01611 -0.00806
 -0.12085 -0.02417 -0.17725  0.00806  0.00806  0.00806 -0.01611  0.00000 -0.01611  0.00000 -0.01611 -0.01611

  0.02417 -0.03223 -0.03223  0.00000  0.00000  0.00000 -0.00806  0.00000 -0.00806  0.00000 -0.00806 -0.01611
  0.00806 -0.02417 -0.02417  0.00806  0.00000  0.00000 -0.00806  0.00806 -0.00806  0.00000 -0.00806 -0.01611
 -0.00806 -0.02417 -0.03223  0.00000 -0.00806 -0.00806 -0.01611  0.00000 -0.01611  0.00000 -0.00806 -0.01611
  0.00000 -0.03223 -0.04028  0.00000  0.00000  0.00806  0.00806  0.00000 -0.00806  0.00000  0.00000 -0.01611
  0.00000 -0.03223 -0.04028  0.00000  0.00000  0.00806  0.00000  0.00000 -0.02417  0.00806 -0.00806 -0.01611
  0.00806 -0.03223 -0.03223 -0.00806  0.00000  0.00000  0.00000  0.00806  0.00806  0.00806 -0.00806 -0.01611
  0.01611 -0.03223 -0.04028 -0.00806  0.00000  0.00000  0.00000  0.00806  0.00000  0.00806 -0.00806 -0.01611
  0.00806 -0.04834 -0.04028  0.00000  0.00000  0.00000 -0.01611  0.00000 -0.00806  0.01611  0.00806 -0.00806
  0.00000 -0.04028 -0.04834  0.00806  0.00000 -0.00806  0.00000  0.00806 -0.00806  0.00000 -0.00806 -0.01611
  0.00000 -0.04028 -0.06445 -0.00806  0.00000  0.00806  0.00806  0.00806 -0.00806  0.00000 -0.00806 -0.01611
 -0.00806 -0.03223 -0.06445  0.00000 -0.00806  0.00000  0.00806  0.00806 -0.00806  0.00806  0.00000 -0.01611
 -0.02417 -0.02417 -0.07251  0.00000  0.00000  0.00000  0.00000  0.00000  0.00000  0.00806  0.00000 -0.01611
 -0.02417 -0.00806 -0.07251  0.00000  0.00000  0.00000  0.00000  0.00000  0.00000  0.01611  0.00000 -0.01611
 -0.05640 -0.01611 -0.09668  0.00806  0.00000  0.00806 -0.02417 -0.00806 -0.01611  0.00000 -0.01611 -0.00806
 -0.10474 -0.02417 -0.14502 -0.00806 -0.00806  0.00000  0.00000  0.00000 -0.00806  0.00000 -0.00806 -0.00806
 -0.12891 -0.00806 -0.13696  0.00000 -0.00806  0.00000 -0.00806  0.00806 -0.00806  0.00000 -0.00806 -0.01611
 -0.14502 -0.00806 -0.13696 -0.00806 -0.00806 -0.00806 -0.00806  0.00806 -0.01611  0.00000 -0.00806 -0.01611
 -0.12085  0.00000 -0.10474  0.00000  0.00000  0.00000  0.00000  0.00806 -0.00806  0.00000 -0.00806 -0.01611
 -0.09668 -0.01611 -0.10474 -0.00806  0.00000  0.00000  0.00000  0.00000 -0.00806  0.00806  0.00806 -0.00806
 -0.07251 -0.01611 -0.10474  0.00000 -0.00806  0.00000 -0.00806  0.00000 -0.00806  0.00000 -0.00806 -0.01611
 -0.05640 -0.05640 -0.09668  0.00000 -0.00806  0.00000 -0.00806  0.00000 -0.00806  0.00000 -0.00806 -0.01611
 -0.04834 -0.05640 -0.08057  0.00806  0.00806  0.01611  0.00806  0.00806  0.00000  0.01611  0.00000 -0.00806
 -0.10474 -0.08057 -0.05640  0.00000  0.00000  0.00806  0.00806  0.00806  0.00000  0.00000 -0.00806 -0.01611
 -0.11279 -0.04834 -0.04028  0.00000 -0.00806 -0.00806 -0.00806  0.00000 -0.00806  0.00806  0.00000 -0.00806

  0.02417 -0.01611 -0.04834  0.00806  0.00806  0.00000  0.00000  0.00000  0.00000  0.00000 -0.00806 -0.01611
 -0.05640 -0.04834 -0.05640  0.00806  0.00806  0.00806 -0.00806  0.00000  0.00000 -0.00806 -0.00806 -0.01611
 -0.08057 -0.02417 -0.05640 -0.00806  0.00000  0.00806  0.00806  0.00806 -0.00806  0.00000 -0.00806 -0.00806
 -0.01611  0.00000 -0.06445  0.00000  0.00000  0.00000  0.00806  0.00806  0.00000  0.00000 -0.01611 -0.00806
 -0.04834  0.00000 -0.08057 -0.00806 -0.00806  0.00000 -0.00806  0.00000 -0.00806  0.00806 -0.00806 -0.01611
 -0.03223 -0.01611 -0.08862 -0.01611 -0.00806  0.00000  0.00000  0.00000 -0.00806  0.00000 -0.01611 -0.01611
 -0.03223 -0.00806 -0.09668  0.00000  0.00000  0.00806 -0.00806  0.00000  0.00000  0.00000 -0.00806 -0.00806
 -0.06445  0.00000 -0.11279  0.00000  0.00806  0.00806  0.00000  0.00000 -0.01611  0.00000  0.00000 -0.01611
 -0.10474  0.01611 -0.11279  0.00806 -0.00806  0.00000  0.00000  0.00000 -0.00806  0.00000 -0.00806 -0.01611
 -0.11279  0.02417 -0.09668  0.00000 -0.00806  0.00000  0.00806  0.00000 -0.00806  0.00806 -0.00806 -0.01611
 -0.07251  0.01611 -0.07251  0.00000  0.00000  0.00806  0.00806  0.00000  0.00000  0.00806  0.00000 -0.00806
 -0.05640  0.01611 -0.08057  0.00000 -0.00806  0.00000  0.00000  0.00000 -0.00806  0.00000 -0.00806 -0.01611
 -0.05640  0.00000 -0.08862  0.00000 -0.00806  0.00000 -0.00806  0.00000 -0.00806  0.00000 -0.00806 -0.01611
 -0.08862  0.02417 -0.07251  0.00000  0.00000  0.00000 -0.00806  0.00000 -0.00806  0.00806 -0.00806 -0.01611
 -0.10474 -0.02417 -0.04834  0.00000  0.00000  0.00000  0.00000  0.00806  0.00000  0.00806 -0.01611 -0.01611
 -0.09668  0.01611 -0.04834  0.00000  0.00000  0.00000  0.00000  0.00000 -0.00806  0.00000  0.00000 -0.00806
 -0.06445 -0.04028 -0.03223 -0.00806 -0.00806 -0.00806 -0.00806  0.00000 -0.01611  0.00000 -0.00806 -0.00806
 -0.08057 -0.01611 -0.00806 -0.00806  0.00000  0.00000 -0.00806  0.00000 -0.00806  0.00000  0.00000 -0.00806
 -0.08057  0.00000  0.00806 -0.00806  0.00806  0.00000  0.00000  0.00000 -0.00806  0.00000 -0.00806 -0.01611
 -0.08862  0.00806  0.00000 -0.00806  0.00000  0.00000  0.00000  0.00000 -0.00806  0.00000 -0.00806 -0.01611
 -0.09668  0.02417  0.01611  0.00806  0.00000  0.00000  0.00000  0.00806  0.00000 -0.00806 -0.00806 -0.01611
 -0.09668  0.06445  0.00806  0.00806  0.00000  0.00000  0.00000  0.00000 -0.00806  0.00806 -0.00806 -0.01611
 -0.10474  0.08862 -0.04028  0.00806  0.00000 -0.00806 -0.00806  0.00000 -0.00806  0.00000 -0.00806 -0.01611
 -0.10474  0.09668 -0.06445 -0.00806  0.00000  0.00806  0.00806  0.00000 -0.01611  0.00000  0.00000 -0.01611

  0.01611 -0.02417 -0.03223 -0.00806  0.00000  0.00000  0.00000 -0.00806 -0.00806  0.00000 -0.00806 -0.02417
  0.02417 -0.03223 -0.02417 -0.00806 -0.00806  0.00806  0.00000 -0.00806 -0.00806  0.00000 -0.00806 -0.01611
  0.01611 -0.03223 -0.03223  0.00000  0.00806  0.00806 -0.00806  0.00000  0.00000  0.00000 -0.00806 -0.01611
  0.02417 -0.04028 -0.03223  0.00000  0.00806  0.00806 -0.01611  0.00000  0.00000  0.00000 -0.00806 -0.01611
  0.02417 -0.04028 -0.03223 -0.00806 -0.00806 -0.00806  0.00000  0.00806 -0.00806  0.00000 -0.00806 -0.02417
  0.01611 -0.04028 -0.04028  0.00806  0.00000  0.00000  0.00000  0.00000 -0.00806  0.00000 -0.00806 -0.01611
  0.02417 -0.02417 -0.02417  0.00000  0.00000 -0.00806  0.00806  0.00000 -0.00806  0.00000 -0.00806 -0.01611
  0.01611 -0.02417 -0.03223  0.00000 -0.01611  0.00000 -0.00806  0.00000 -0.00806  0.00000 -0.01611 -0.01611
  0.01611 -0.03223 -0.04028  0.00000  0.00806  0.00806  0.00000  0.00000 -0.00806  0.00000  0.00000 -0.01611
  0.01611 -0.03223 -0.04028  0.00000  0.00806  0.00000  0.00806  0.00000 -0.01611  0.00806 -0.01611 -0.01611
  0.02417 -0.03223 -0.04028 -0.00806  0.00806  0.00806  0.00806  0.00000 -0.00806  0.00806 -0.00806 -0.01611
  0.02417 -0.04028 -0.04028 -0.00806 -0.00806  0.00000 -0.00806  0.00806  0.00000  0.00000 -0.01611 -0.01611
  0.02417 -0.04834 -0.04028 -0.00806  0.00000 -0.00806 -0.00806 -0.00806 -0.00806  0.00000 -0.00806 -0.01611
  0.01611 -0.03223 -0.03223  0.00000 -0.01611  0.00000  0.00000 -0.00806 -0.00806  0.00000 -0.00806 -0.01611
  0.02417 -0.03223 -0.03223  0.00000  0.00000 -0.00806  0.00000  0.00000  0.00000  0.00000 -0.00806 -0.01611
  0.01611 -0.04028 -0.04028 -0.00806  0.00806  0.00806  0.00000 -0.00806 -0.00806  0.00806 -0.00806 -0.01611
  0.01611 -0.03223 -0.04028  0.00000  0.00000  0.00000  0.00000  0.00000 -0.00806  0.00000  0.00000 -0.00806
  0.02417 -0.04028 -0.04028 -0.00806  0.00000  0.00000  0.00000  0.00806 -0.00806  0.00000 -0.00806 -0.01611
  0.02417 -0.03223 -0.04028 -0.00806  0.00000 -0.00806 -0.00806  0.00000 -0.00806  0.00000 -0.00806 -0.01611
  0.00000 -0.04028 -0.04028 -0.00806 -0.00806  0.00000 -0.00806 -0.00806  0.00000  0.00806 -0.01611 -0.02417
  0.01611 -0.04028 -0.04028 -0.00806  0.00000  0.00000  0.00000  0.00000 -0.00806  0.00000  0.00000 -0.00806
  0.01611 -0.04028 -0.04028 -0.00806  0.00000  0.00000 -0.00806  0.00000 -0.00806  0.00000  0.00000 -0.00806
  0.03223 -0.03223 -0.04028 -0.00806  0.00000  0.00000 -0.00806  0.00000 -0.00806  0.00000 -0.00806 -0.01611
  0.03223 -0.03223 -0.04028 -0.00806  0.00000  0.00000 -0.00806  0.00000 -0.00806  0.00000 -0.00806 -0.01611

