  0.00000 -0.00806  0.04834  0.04834  0.00806  0.00806 -0.02417  0.00000  0.01611 -0.02417 -0.01611 -0.00806
  0.00000 -0.01611  0.04028  0.03223  0.00806  0.03223 -0.00806  0.00000  0.00806 -0.02417 -0.01611 -0.00806
  0.00000 -0.01611  0.03223  0.03223  0.00000  0.03223 -0.00806 -0.00806  0.01611 -0.02417 -0.02417 -0.00806
 -0.00806 -0.00806  0.04028  0.02417  0.00000  0.02417 -0.02417  0.00000  0.02417 -0.02417 -0.01611  0.00000
  0.00000 -0.01611  0.04028  0.03223  0.00806  0.02417 -0.01611 -0.00806  0.02417 -0.01611 -0.00806 -0.01611
 -0.00806 -0.00806  0.04028  0.03223  0.00806  0.02417 -0.02417 -0.00806  0.01611 -0.03223 -0.02417 -0.00806
 -0.00806 -0.01611  0.05640  0.03223  0.00000  0.02417 -0.01611 -0.00806  0.02417 -0.02417 -0.01611  0.00000
  0.00000 -0.00806  0.04028  0.03223  0.00000  0.03223 -0.00806  0.00000  0.02417 -0.01611 -0.01611  0.00000
  0.00000 -0.01611  0.04028  0.03223  0.00000  0.02417  0.00000  0.00000  0.03223 -0.01611 -0.01611  0.00000
  0.00806 -0.01611  0.04028  0.04028  0.00000  0.03223  0.00000 -0.00806  0.02417  0.00806  0.00000  0.00000
  0.00000 -0.00806  0.05640  0.04028  0.00000  0.04834 -0.00806  0.00000  0.02417 -0.02417 -0.01611 -0.01611
 -0.00806  0.00000  0.05640  0.00806 -0.00806  0.04834 -0.00806 -0.01611  0.02417 -0.00806 -0.00806 -0.00806
 -0.00806  0.00000  0.05640  0.00806  0.01611  0.06445  0.00000  0.00000  0.04834 -0.00806  0.00000  0.00000
 -0.01611  0.00000  0.04028 -0.01611  0.04028  0.08057 -0.01611 -0.00806  0.04028 -0.00806 -0.01611 -0.01611
 -0.01611  0.01611  0.03223 -0.01611  0.04028  0.08057 -0.00806  0.00806  0.04028 -0.00806 -0.02417 -0.01611
 -0.02417  0.04834  0.04834 -0.04028  0.07251  0.10474  0.00000  0.01611  0.05640  0.00000 -0.03223 -0.02417
 -0.11279  0.06445  0.01611 -0.16113  0.12085  0.20142 -0.00806  0.03223  0.04834  0.06445 -0.04028 -0.01611
 -0.12085  0.10474 -0.00806 -0.34644  0.17725  0.34644  0.02417  0.03223  0.06445  0.10474 -0.05640  0.00000
 -0.15308  0.41089 -0.03223 -0.73315  0.38672  0.45923  0.02417 -0.01611 -0.00806  0.17725 -0.01611  0.03223
  0.03223  0.70093 -0.21753 -0.55591  0.45117  0.41089  0.02417 -0.02417  0.01611  0.20947 -0.05640 -0.01611
  0.36255  0.87012 -0.28198  0.04834  0.48340  0.46729 -0.04028 -0.04028  0.07251  0.12085 -0.04834 -0.10474
  0.17725  0.60425 -0.16919  0.20142  0.59619  0.20947 -0.04834 -0.10474  0.07251  0.04028  0.02417 -0.12891
  0.20947  0.17725  0.01611  0.26587  0.41895 -0.00806 -0.14502 -0.09668  0.01611 -0.12085  0.03223 -0.11279
  0.16919 -0.18530  0.09668  0.16919 -0.12085 -0.06445 -0.15308  0.03223  0.06445 -0.29004  0.03223 -0.17725

  0.02417 -0.01611  0.04834 -0.06445 -0.00806  0.07251 -0.09668 -0.03223  0.01611  0.04028 -0.02417 -0.00806
  0.02417  0.00000  0.05640 -0.05640  0.00806  0.07251 -0.08862 -0.02417  0.00806  0.06445 -0.02417  0.00000
  0.04834  0.00806  0.05640 -0.05640  0.00000  0.08862 -0.08057 -0.01611  0.02417  0.06445 -0.03223 -0.00806
  0.04028  0.00000  0.06445 -0.04834  0.00000  0.08057 -0.08057 -0.00806  0.02417  0.06445 -0.02417  0.00000
  0.05640  0.00806  0.06445 -0.04028  0.00000  0.08057 -0.08057 -0.01611  0.03223  0.08057 -0.03223 -0.01611
  0.04028 -0.00806  0.06445 -0.04834  0.00000  0.05640 -0.08862  0.00000  0.04834  0.08862 -0.00806  0.01611
  0.04028 -0.00806  0.06445 -0.03223  0.00806  0.06445 -0.09668 -0.02417  0.01611  0.06445 -0.02417  0.00000
  0.04028 -0.01611  0.05640 -0.03223  0.00806  0.07251 -0.08862 -0.02417  0.00806  0.06445 -0.03223  0.00806
  0.04834  0.00000  0.07251 -0.03223  0.00000  0.06445 -0.07251 -0.00806  0.02417  0.05640 -0.02417  0.00806
  0.03223 -0.00806  0.06445 -0.04834  0.00806  0.05640 -0.08057 -0.00806  0.01611  0.04028 -0.01611  0.00806
  0.02417 -0.01611  0.05640 -0.04834 -0.00806  0.04834 -0.11279 -0.01611  0.00806  0.03223 -0.00806  0.00806
  0.04028  0.00806  0.06445 -0.02417  0.00806  0.04834 -0.10474 -0.01611  0.00806  0.00806  0.02417  0.00806
  0.02417  0.02417  0.08057 -0.00806  0.04028  0.08057 -0.11279  0.00806 -0.01611 -0.03223  0.00000  0.00806
  0.03223  0.04028  0.06445 -0.02417  0.04834  0.10474 -0.12085  0.00806  0.00000 -0.04028 -0.01611 -0.00806
  0.03223  0.07251  0.09668 -0.06445  0.08057  0.18530 -0.10474  0.04028  0.02417 -0.04834 -0.02417  0.00806
 -0.04834  0.10474  0.04834 -0.12085  0.10474  0.33032 -0.16919  0.02417 -0.02417 -0.04028 -0.04834  0.01611
 -0.15308  0.24170  0.00000 -0.24976  0.14502  0.49951 -0.11279  0.03223  0.02417  0.00000 -0.06445 -0.02417
 -0.29004  0.48340  0.05640 -0.73315  0.28198  0.81372 -0.04028 -0.03223  0.12085  0.08862 -0.04834 -0.08057
 -0.28198  0.60425 -0.01611 -0.68481  0.42700  1.00708 -0.08057 -0.06445  0.08862  0.14502  0.00000 -0.08057
 -0.07251  0.74927 -0.27393 -0.41089  0.49951  0.66870 -0.05640 -0.04028  0.06445  0.17725 -0.04028 -0.08057
  0.16113  0.79761 -0.25781 -0.36255  0.58813  0.51562 -0.04028 -0.06445  0.07251  0.19336 -0.02417 -0.08862
  0.12891  0.88623 -0.33838 -0.17725  0.74121  0.26587 -0.03223 -0.11279  0.05640  0.20947  0.04834 -0.05640
  0.20947  0.67676  0.01611 -0.00806  0.75732 -0.07251 -0.09668 -0.07251  0.04028  0.04834  0.01611 -0.04834
  0.16113  0.31421  0.05640 -0.07251  0.49951 -0.18530 -0.19336 -0.03223  0.01611 -0.11279  0.00806 -0.02417

  0.06445  0.00806  0.04834 -0.06445  0.00000  0.04834 -0.08862 -0.02417  0.01611  0.06445 -0.01611  0.00000
  0.05640  0.00000  0.04028 -0.04834  0.01611  0.04834 -0.08862 -0.01611  0.00000  0.05640 -0.00806 -0.00806
  0.05640  0.00000  0.04028 -0.04028  0.01611  0.04834 -0.08057 -0.01611  0.01611  0.06445  0.00806  0.01611
  0.06445  0.00000  0.04834 -0.04028  0.00806  0.04834 -0.08057 -0.00806  0.01611  0.05640 -0.02417 -0.00806
  0.04834 -0.00806  0.04834 -0.04028  0.00000  0.04834 -0.08862 -0.00806  0.01611  0.06445 -0.02417 -0.00806
  0.04834 -0.00806  0.06445 -0.03223  0.01611  0.04834 -0.08862 -0.02417  0.00000  0.05640 -0.01611  0.00000
  0.06445  0.00000  0.04028 -0.04028  0.00000  0.03223 -0.09668 -0.01611  0.00806  0.05640  0.00000  0.00806
  0.06445 -0.01611  0.04028 -0.04834  0.00000  0.05640 -0.08057 -0.01611  0.02417  0.05640  0.00806  0.00806
  0.04834 -0.01611  0.04028 -0.04834 -0.01611  0.03223 -0.10474 -0.03223  0.00806  0.04028  0.00000  0.00806
  0.04028 -0.00806  0.04028 -0.07251  0.00000  0.04028 -0.08862 -0.02417  0.00806  0.03223  0.00000  0.00806
  0.02417  0.00806  0.04028 -0.09668  0.00806  0.07251 -0.08057  0.00000  0.02417  0.02417  0.00806  0.00806
  0.02417  0.02417  0.05640 -0.08862  0.00806  0.08057 -0.11279 -0.00806  0.01611  0.00000  0.00000 -0.00806
  0.02417  0.03223  0.04834 -0.08862  0.02417  0.09668 -0.11279 -0.00806  0.00806 -0.00806  0.00806  0.00000
  0.03223  0.04834  0.06445 -0.07251  0.03223  0.14502 -0.11279  0.00000 -0.00806  0.00000  0.00000  0.00806
  0.03223  0.04834  0.06445 -0.05640  0.06445  0.18530 -0.10474  0.00000  0.00000  0.00000 -0.00806  0.00000
  0.03223  0.09668  0.06445 -0.04834  0.10474  0.26587 -0.12891  0.01611  0.00000  0.00000 -0.02417  0.01611
 -0.04834  0.18530  0.00000 -0.14502  0.14502  0.39478 -0.12891  0.02417  0.03223  0.04834 -0.07251 -0.02417
 -0.12891  0.31421 -0.04028 -0.41895  0.23364  0.63647 -0.04028  0.00806  0.09668  0.12891 -0.07251 -0.07251
 -0.14502  0.45117 -0.00806 -0.59619  0.25781  0.78955 -0.07251 -0.04028  0.06445  0.12891 -0.02417 -0.04028
 -0.11279  0.53979 -0.15308 -0.52368  0.28198  0.82178 -0.10474 -0.01611  0.05640  0.12085 -0.02417 -0.01611
  0.12891  0.63647 -0.36255 -0.37061  0.38672  0.64453 -0.08862 -0.03223  0.00806  0.11279 -0.01611 -0.00806
  0.30615  0.74927 -0.28198 -0.13696  0.53174  0.45117 -0.06445 -0.10474  0.03223  0.10474  0.04028 -0.04028
  0.20142  0.68481 -0.16919  0.08057  0.55591  0.13696 -0.11279 -0.09668  0.06445  0.06445  0.03223 -0.06445
  0.19336  0.33032  0.07251  0.06445  0.50757 -0.10474 -0.19336 -0.01611  0.04834 -0.03223  0.00000 -0.08057

  0.08057  0.00000  0.05640 -0.02417  0.00000  0.06445 -0.08862 -0.00806  0.00000  0.04834 -0.01611  0.00000
  0.07251  0.00000  0.05640 -0.03223 -0.00806  0.06445 -0.11279 -0.01611  0.00000  0.04028 -0.01611  0.00000
  0.07251  0.00806  0.06445 -0.02417  0.00000  0.06445 -0.08862 -0.01611  0.00000  0.05640 -0.00806  0.00000
  0.07251  0.00000  0.06445 -0.01611  0.01611  0.07251 -0.09668 -0.01611  0.00806  0.06445 -0.02417 -0.00806
  0.07251 -0.00806  0.06445 -0.02417  0.00000  0.08862 -0.08862 -0.00806  0.02417  0.06445 -0.01611 -0.01611
  0.06445 -0.01611  0.06445 -0.03223  0.00000  0.07251 -0.10474 -0.01611  0.00806  0.05640 -0.01611 -0.00806
  0.06445  0.00806  0.06445 -0.04028  0.01611  0.08057 -0.09668 -0.00806  0.01611  0.06445 -0.04834 -0.00806
  0.05640  0.00806  0.06445 -0.04834  0.00000  0.07251 -0.10474  0.00000  0.00806  0.05640 -0.02417  0.00000
  0.05640  0.00806  0.04834 -0.05640  0.00000  0.07251 -0.10474 -0.00806  0.01611  0.04834 -0.00806  0.00806
  0.04834  0.00806  0.06445 -0.05640  0.00000  0.07251 -0.10474 -0.02417  0.01611  0.05640  0.00000  0.00000
  0.05640  0.00000  0.04834 -0.05640 -0.00806  0.07251 -0.09668 -0.02417  0.01611  0.04834 -0.00806 -0.00806
  0.02417  0.01611  0.04028 -0.10474  0.00806  0.07251 -0.11279 -0.03223  0.01611  0.00000  0.00806 -0.01611
  0.03223  0.02417  0.06445 -0.11279  0.00000  0.08862 -0.12891  0.00000  0.00806 -0.00806  0.00000 -0.01611
  0.00806  0.06445  0.04834 -0.09668  0.05640  0.17725 -0.12891  0.01611  0.00000  0.00000 -0.02417  0.00000
  0.00000  0.11279  0.04028 -0.12085  0.11279  0.28198 -0.11279  0.02417 -0.01611  0.01611 -0.04028  0.01611
 -0.06445  0.20947 -0.05640 -0.23364  0.18530  0.45923 -0.10474  0.02417  0.00806  0.04834 -0.05640  0.01611
 -0.11279  0.28198 -0.10474 -0.33032  0.21753  0.53979 -0.10474  0.01611  0.01611  0.05640 -0.05640 -0.00806
 -0.25781  0.41895  0.03223 -0.50757  0.24170  0.70898 -0.08057 -0.04028  0.07251  0.08862 -0.00806 -0.04834
 -0.19336  0.47534 -0.12085 -0.49146  0.26587  0.74121 -0.09668 -0.01611  0.08057  0.10474 -0.03223 -0.04834
  0.14502  0.65259 -0.44312 -0.33032  0.39478  0.62842 -0.07251  0.00000  0.06445  0.13696 -0.07251 -0.04028
  0.26587  0.70898 -0.35449 -0.24170  0.45923  0.51562 -0.08057 -0.03223  0.01611  0.15308 -0.05640 -0.03223
  0.36255  0.74927 -0.26587 -0.06445  0.52368  0.37061 -0.08057 -0.08862  0.03223  0.12085  0.01611 -0.02417
  0.26587  0.59619 -0.05640  0.02417  0.58813  0.01611 -0.16113 -0.07251  0.04028  0.01611  0.01611 -0.04028
  0.21753  0.41895 -0.03223  0.00806  0.57202 -0.07251 -0.18530 -0.04834  0.02417 -0.00806  0.01611 -0.02417

  0.08057 -0.00806  0.04028 -0.04834  0.00806  0.04834 -0.08057 -0.00806  0.00000  0.08862 -0.03223  0.01611
  0.07251 -0.00806  0.04028 -0.04834  0.00000  0.07251 -0.06445  0.00806  0.01611  0.08862 -0.01611  0.02417
  0.07251 -0.00806  0.04028 -0.04028  0.00806  0.04834 -0.09668 -0.00806  0.00000  0.05640 -0.01611  0.01611
  0.06445 -0.00806  0.04028 -0.04028  0.00806  0.05640 -0.10474 -0.00806  0.00806  0.04834 -0.02417  0.00806
  0.07251  0.00806  0.04028 -0.03223  0.00806  0.05640 -0.11279 -0.00806  0.00000  0.04028 -0.00806  0.01611
  0.08057  0.00000  0.04834 -0.00806  0.02417  0.05640 -0.08862 -0.00806  0.00000  0.06445 -0.01611  0.01611
  0.07251  0.00000  0.05640 -0.00806  0.02417  0.05640 -0.08862 -0.01611  0.00000  0.07251 -0.02417 -0.00806
  0.08057  0.00000  0.05640  0.00000  0.01611  0.05640 -0.08862  0.00000  0.01611  0.07251 -0.02417 -0.01611
  0.08057 -0.00806  0.05640 -0.00806  0.00806  0.05640 -0.08862 -0.00806  0.02417  0.06445 -0.02417 -0.01611
  0.07251  0.00000  0.06445 -0.00806  0.00806  0.05640 -0.10474 -0.00806  0.01611  0.04028 -0.00806 -0.00806
  0.06445  0.00806  0.06445 -0.01611  0.01611  0.07251 -0.11279  0.00000  0.00000  0.01611  0.00000  0.00000
  0.04834  0.00000  0.05640 -0.04834  0.00806  0.08862 -0.12891 -0.00806 -0.00806  0.00000 -0.00806  0.00806
  0.06445  0.04028  0.07251 -0.08057  0.00806  0.08862 -0.13696 -0.00806 -0.01611 -0.00806  0.00000  0.02417
  0.05640  0.04028  0.04028 -0.08057  0.04028  0.13696 -0.15308 -0.00806 -0.00806 -0.02417  0.00000  0.03223
  0.00000  0.08057  0.04028 -0.12085  0.04834  0.19336 -0.14502  0.00806 -0.00806 -0.01611 -0.02417  0.02417
 -0.00806  0.12891  0.04028 -0.17725  0.10474  0.31421 -0.10474  0.01611  0.03223  0.04028 -0.04834 -0.02417
 -0.02417  0.16919  0.00806 -0.29004  0.14502  0.44312 -0.06445  0.00000  0.07251  0.09668 -0.05640 -0.05640
 -0.04028  0.33838  0.01611 -0.50757  0.20142  0.62842 -0.06445 -0.03223  0.10474  0.12891 -0.04834 -0.08862
 -0.03223  0.50757 -0.12891 -0.61230  0.29810  0.78955 -0.09668 -0.06445  0.08057  0.12085 -0.00806 -0.08057
  0.11279  0.64453 -0.32227 -0.54785  0.36255  0.74927 -0.12085 -0.02417  0.08057  0.09668 -0.00806 -0.05640
  0.12891  0.87817 -0.19336 -0.19336  0.51562  0.27393 -0.10474 -0.06445  0.07251  0.08057  0.00806 -0.07251
  0.14502  0.71704 -0.06445 -0.22559  0.58813  0.09668 -0.13696 -0.04834  0.08057  0.02417  0.00000 -0.06445
  0.06445  0.45117  0.00000 -0.08057  0.49951 -0.04028 -0.16113 -0.03223  0.02417 -0.02417  0.00806 -0.01611
  0.08862  0.16919  0.13696  0.07251  0.29004 -0.04834 -0.15308 -0.01611  0.00000 -0.04028  0.03223  0.00806

  0.06445  0.00000  0.04834 -0.04834  0.00806  0.07251 -0.10474 -0.01611  0.00806  0.07251 -0.00806  0.00000
  0.07251  0.00000  0.05640 -0.04028  0.00000  0.07251 -0.09668 -0.01611  0.01611  0.07251 -0.01611 -0.00806
  0.08057  0.00000  0.06445 -0.02417  0.00806  0.07251 -0.11279 -0.00806  0.00000  0.05640 -0.02417  0.00806
  0.07251  0.00000  0.05640 -0.04834  0.00806  0.07251 -0.10474 -0.00806 -0.00806  0.04028 -0.00806  0.01611
  0.06445  0.00000  0.04834 -0.04028  0.00000  0.05640 -0.10474 -0.00806  0.00000  0.03223 -0.01611  0.00000
  0.08057  0.00000  0.04834 -0.03223  0.00806  0.04834 -0.10474 -0.00806  0.01611  0.06445 -0.01611  0.00000
  0.08862  0.00806  0.06445 -0.02417  0.00806  0.05640 -0.10474 -0.01611  0.01611  0.05640 -0.02417  0.00000
  0.08057  0.00806  0.07251 -0.04028  0.00000  0.05640 -0.10474 -0.01611  0.00806  0.05640 -0.00806  0.00806
  0.06445 -0.01611  0.04834 -0.04834  0.00806  0.08057 -0.11279 -0.00806  0.01611  0.04834 -0.00806  0.00806
  0.07251  0.00000  0.05640 -0.02417  0.00000  0.05640 -0.11279 -0.01611  0.00806  0.04028 -0.00806  0.00806
  0.06445 -0.01611  0.05640 -0.04834  0.00806  0.05640 -0.12085 -0.01611  0.00806  0.03223 -0.00806  0.00806
  0.05640 -0.00806  0.05640 -0.06445  0.00000  0.06445 -0.12085 -0.02417  0.00806  0.02417  0.01611  0.01611
  0.04028  0.01611  0.04834 -0.06445  0.01611  0.08057 -0.12085 -0.01611  0.00806  0.01611  0.01611  0.01611
  0.05640  0.04028  0.06445 -0.04028  0.04028  0.12085 -0.11279  0.00000  0.00806 -0.00806  0.00000  0.02417
  0.04028  0.08862  0.06445 -0.04834  0.08862  0.18530 -0.15308  0.01611 -0.01611 -0.03223 -0.03223  0.01611
  0.01611  0.12891  0.04834 -0.02417  0.13696  0.29810 -0.12891  0.01611 -0.02417 -0.03223 -0.03223  0.01611
 -0.11279  0.27393  0.00806 -0.16113  0.19336  0.47534 -0.12891  0.00000  0.03223  0.00000 -0.03223 -0.04834
 -0.16919  0.42700  0.10474 -0.50757  0.23364  0.70898 -0.08057 -0.01611  0.09668  0.07251 -0.02417 -0.08862
 -0.12891  0.49951 -0.16919 -0.60425  0.29810  0.88623 -0.09668 -0.02417  0.08862  0.12891 -0.04834 -0.08057
  0.00806  0.61230 -0.39478 -0.50757  0.34644  0.82983 -0.10474 -0.01611  0.02417  0.16113 -0.04834 -0.05640
  0.32227  0.76538 -0.39478 -0.33838  0.47534  0.62842 -0.04028 -0.07251  0.03223  0.20142 -0.02417 -0.03223
  0.24976  0.84595 -0.40283 -0.12891  0.58008  0.36255 -0.06445 -0.07251  0.00806  0.18530 -0.01611 -0.04028
  0.27393  0.68481 -0.16113 -0.04834  0.65259  0.00806 -0.12891 -0.02417  0.04028  0.06445 -0.01611 -0.03223
  0.23364  0.46729 -0.06445 -0.07251  0.58813 -0.11279 -0.17725 -0.01611  0.03223 -0.02417  0.00806 -0.02417

  0.07251 -0.00806  0.05640 -0.03223  0.00000  0.07251 -0.11279 -0.02417  0.01611  0.06445 -0.02417 -0.00806
  0.06445 -0.00806  0.05640 -0.03223  0.00000  0.08057 -0.11279 -0.01611  0.01611  0.06445 -0.02417 -0.01611
  0.06445  0.00000  0.05640 -0.04028 -0.00806  0.08057 -0.11279 -0.02417  0.03223  0.07251 -0.00806  0.00000
  0.06445 -0.00806  0.06445 -0.03223  0.00000  0.08057 -0.11279 -0.01611  0.02417  0.07251 -0.00806  0.00000
  0.06445  0.00000  0.08057 -0.02417  0.02417  0.09668 -0.14502 -0.02417  0.01611  0.06445 -0.00806  0.00000
  0.06445 -0.00806  0.05640 -0.03223  0.00000  0.08057 -0.11279 -0.01611  0.01611  0.04834 -0.01611 -0.01611
  0.05640 -0.00806  0.05640 -0.04834 -0.00806  0.08057 -0.12891 -0.02417  0.01611  0.04028 -0.00806 -0.01611
  0.05640 -0.00806  0.06445 -0.04834  0.00000  0.07251 -0.13696 -0.01611  0.01611  0.02417  0.00000 -0.00806
  0.04834  0.00806  0.06445 -0.04834  0.00806  0.07251 -0.14502 -0.02417  0.03223  0.00806  0.00000 -0.02417
  0.04834  0.01611  0.05640 -0.05640  0.00806  0.08862 -0.13696 -0.00806  0.02417  0.00000  0.00806  0.00000
  0.03223  0.02417  0.06445 -0.06445  0.01611  0.11279 -0.14502 -0.01611  0.02417 -0.01611  0.00806 -0.00806
  0.04028  0.02417  0.06445 -0.05640  0.03223  0.14502 -0.15308  0.00000  0.00000 -0.01611  0.00000  0.00000
  0.02417  0.01611  0.07251 -0.05640  0.02417  0.16919 -0.16113 -0.00806 -0.01611 -0.02417 -0.00806  0.00000
  0.00000  0.04834  0.07251 -0.04834  0.04028  0.20947 -0.15308  0.00000  0.02417 -0.03223  0.00000  0.01611
  0.04834  0.08862  0.09668 -0.08057  0.07251  0.28198 -0.12891  0.00000  0.04028  0.02417  0.00000 -0.00806
  0.06445  0.12891  0.08862 -0.18530  0.11279  0.35449 -0.12085 -0.01611  0.05640  0.08057 -0.03223 -0.05640
  0.06445  0.20947  0.04834 -0.30615  0.14502  0.44312 -0.09668 -0.01611  0.08862  0.15308 -0.03223 -0.08057
  0.00000  0.33838  0.02417 -0.46729  0.19336  0.57202 -0.08862 -0.04834  0.11279  0.12891 -0.02417 -0.09668
  0.08057  0.43506 -0.19336 -0.57202  0.25781  0.66064 -0.10474 -0.05640  0.06445  0.08057  0.00000 -0.07251
  0.08862  0.50757 -0.23364 -0.58008  0.27393  0.65259 -0.12891 -0.05640  0.04028  0.05640  0.00806 -0.05640
  0.13696  0.71704 -0.20947 -0.47534  0.33838  0.57202 -0.14502 -0.02417  0.05640  0.01611  0.00806 -0.05640
  0.05640  0.78955 -0.21753 -0.31421  0.41895  0.42700 -0.14502 -0.04834  0.05640  0.05640 -0.00806 -0.06445
  0.12891  0.72510 -0.16113 -0.22559  0.50757  0.20947 -0.13696 -0.03223  0.07251  0.08057 -0.02417 -0.04028
  0.05640  0.52368 -0.07251 -0.09668  0.53174 -0.02417 -0.13696 -0.01611  0.04834  0.05640 -0.01611  0.01611

  0.08057  0.00806  0.06445 -0.04028  0.00806  0.07251 -0.11279 -0.00806  0.01611  0.06445  0.00000  0.02417
  0.08057 -0.00806  0.05640 -0.04834  0.01611  0.08862 -0.11279 -0.01611  0.00806  0.05640 -0.01611 -0.00806
  0.08862  0.00000  0.04834 -0.04028  0.01611  0.06445 -0.12085 -0.00806  0.01611  0.05640 -0.02417  0.00000
  0.08057  0.00000  0.07251 -0.03223  0.00806  0.05640 -0.12085 -0.00806  0.01611  0.05640 -0.02417 -0.00806
  0.08057  0.00000  0.07251 -0.02417  0.00806  0.06445 -0.11279 -0.01611  0.01611  0.04834 -0.01611  0.00000
  0.08862  0.00806  0.07251 -0.01611  0.00806  0.08057 -0.12085 -0.01611  0.02417  0.02417 -0.02417 -0.00806
  0.07251 -0.00806  0.06445 -0.01611  0.00806  0.08862 -0.12085 -0.00806  0.00806  0.04028 -0.00806  0.00000
  0.05640 -0.01611  0.06445 -0.02417  0.00000  0.08057 -0.12085 -0.01611  0.01611  0.04028 -0.02417  0.00806
  0.07251 -0.00806  0.07251 -0.02417  0.00806  0.07251 -0.12085 -0.01611  0.02417  0.06445 -0.00806  0.00000
  0.06445 -0.00806  0.07251 -0.03223  0.00000  0.07251 -0.11279 -0.02417  0.01611  0.06445  0.00000 -0.01611
  0.06445 -0.00806  0.07251 -0.04834  0.01611  0.07251 -0.12085 -0.02417  0.01611  0.04028  0.00000  0.00000
  0.04834 -0.00806  0.06445 -0.05640  0.00806  0.08057 -0.15308 -0.03223  0.00806  0.01611  0.00806 -0.01611
  0.05640  0.00000  0.06445 -0.06445  0.00000  0.10474 -0.12891 -0.00806  0.02417 -0.00806  0.00806 -0.00806
  0.04834  0.04834  0.07251 -0.08057  0.03223  0.15308 -0.14502  0.00000  0.02417 -0.01611  0.02417  0.00000
  0.01611  0.08057  0.04028 -0.11279  0.05640  0.19336 -0.16113  0.00806  0.00000 -0.01611  0.00000  0.03223
 -0.02417  0.14502  0.00806 -0.12085  0.13696  0.29004 -0.12891  0.02417 -0.00806  0.03223 -0.04028  0.00806
 -0.00806  0.19336 -0.00806 -0.16113  0.17725  0.44312 -0.08057 -0.00806  0.05640  0.06445 -0.04834 -0.03223
 -0.07251  0.32227  0.03223 -0.37866  0.19336  0.59619 -0.09668 -0.04834  0.12085  0.10474 -0.02417 -0.11279
 -0.03223  0.39478 -0.02417 -0.44312  0.21753  0.62842 -0.09668 -0.02417  0.14502  0.10474 -0.03223 -0.12085
  0.08057  0.53174 -0.37866 -0.45117  0.31421  0.70093 -0.09668 -0.01611  0.09668  0.10474 -0.05640 -0.10474
  0.16113  0.78149 -0.28198 -0.22559  0.48340  0.42700 -0.10474 -0.06445  0.04834  0.08057  0.04028 -0.03223
  0.15308  0.77344 -0.25781 -0.17725  0.55591  0.30615 -0.12085 -0.04834  0.04834  0.05640  0.01611 -0.04028
  0.16113  0.57202 -0.10474 -0.09668  0.60425  0.05640 -0.16113 -0.02417  0.04834 -0.03223  0.00000 -0.04834
  0.08862  0.30615  0.00000  0.04028  0.44312 -0.02417 -0.16919 -0.00806  0.01611 -0.05640  0.02417 -0.04028

  0.08862  0.00000  0.04834 -0.05640  0.00000  0.06445 -0.12891 -0.01611 -0.00806  0.05640 -0.01611  0.01611
  0.08057  0.00000  0.05640 -0.05640  0.00000  0.06445 -0.12891 -0.01611  0.01611  0.06445  0.00000  0.02417
  0.08862  0.00000  0.06445 -0.04834  0.00806  0.07251 -0.14502 -0.00806  0.00806  0.04834 -0.01611  0.00000
  0.08862  0.00806  0.07251 -0.08057  0.00806  0.08862 -0.13696 -0.02417  0.00806  0.05640 -0.03223 -0.00806
  0.08057  0.00000  0.06445 -0.04834  0.00806  0.09668 -0.10474 -0.00806  0.00806  0.07251 -0.01611 -0.00806
  0.07251  0.00000  0.06445 -0.04028  0.00000  0.08862 -0.12085 -0.02417  0.04028  0.08057 -0.02417  0.00000
  0.08057  0.01611  0.08057 -0.01611  0.00806  0.10474 -0.12891 -0.01611  0.03223  0.06445 -0.00806  0.00000
  0.08862 -0.00806  0.08057 -0.01611  0.00000  0.08862 -0.14502 -0.01611  0.03223  0.05640 -0.01611 -0.03223
  0.07251 -0.00806  0.07251 -0.02417  0.02417  0.10474 -0.12891 -0.00806  0.04028  0.05640 -0.00806  0.00000
  0.07251 -0.00806  0.08057 -0.03223  0.00000  0.09668 -0.14502 -0.01611  0.02417  0.04028 -0.00806 -0.00806
  0.08862  0.00806  0.07251 -0.04028 -0.00806  0.09668 -0.15308 -0.01611  0.01611  0.03223 -0.00806 -0.02417
  0.08057  0.00000  0.07251 -0.04834  0.00000  0.08862 -0.16113  0.00000  0.04028  0.03223  0.00806 -0.01611
  0.08057  0.01611  0.07251 -0.04834  0.00000  0.11279 -0.16919 -0.02417  0.03223  0.00000  0.00806 -0.03223
  0.05640  0.02417  0.06445 -0.03223  0.04028  0.13696 -0.18530 -0.01611  0.00806 -0.01611  0.01611 -0.00806
  0.06445  0.02417  0.08862 -0.01611  0.03223  0.15308 -0.12891 -0.00806  0.04028  0.01611 -0.00806 -0.00806
  0.05640  0.04834  0.08057 -0.02417  0.05640  0.16919 -0.13696 -0.01611  0.04028  0.06445 -0.00806 -0.03223
 -0.00806  0.10474  0.04834 -0.05640  0.09668  0.24976 -0.13696 -0.01611  0.08057  0.08057 -0.02417 -0.06445
  0.02417  0.17725  0.12085 -0.16113  0.12891  0.33032 -0.14502 -0.03223  0.08862  0.05640 -0.01611 -0.09668
  0.06445  0.33032 -0.05640 -0.43506  0.17725  0.60425 -0.14502  0.00000  0.03223  0.06445 -0.01611 -0.08862
  0.29004  0.56396 -0.22559 -0.46729  0.30615  0.67676 -0.12085 -0.03223  0.07251  0.09668 -0.01611 -0.05640
  0.19336  0.77344 -0.35449 -0.37061  0.41895  0.61230 -0.13696 -0.06445  0.07251  0.09668  0.00806 -0.05640
  0.19336  0.76538 -0.29810 -0.24976  0.45117  0.36255 -0.14502 -0.04834  0.04834  0.04028  0.02417 -0.04028
  0.09668  0.46729 -0.11279 -0.01611  0.49951  0.02417 -0.19336  0.00000  0.00806 -0.03223  0.00806 -0.01611
  0.04028  0.16919  0.04028  0.04834  0.31421 -0.01611 -0.16113 -0.03223 -0.00806 -0.04834  0.01611 -0.00806

  0.08862  0.00806  0.06445 -0.03223  0.01611  0.05640 -0.07251 -0.00806  0.00806  0.07251 -0.00806  0.01611
  0.08057  0.00000  0.05640 -0.03223  0.01611  0.04028 -0.08862 -0.01611  0.00000  0.06445 -0.02417  0.00000
  0.07251  0.00000  0.05640 -0.04028  0.00000  0.03223 -0.08057 -0.01611  0.00000  0.06445 -0.02417  0.00000
  0.08057  0.00806  0.06445 -0.05640  0.00000  0.04028 -0.06445 -0.01611  0.00000  0.08057 -0.03223  0.00000
  0.07251 -0.00806  0.06445 -0.03223  0.01611  0.08862 -0.07251  0.00000  0.00806  0.08862 -0.00806  0.04028
  0.08862  0.00000  0.05640  0.01611  0.00806  0.08057 -0.09668  0.00000 -0.01611  0.07251 -0.01611  0.03223
  0.10474 -0.00806  0.11279  0.06445  0.02417  0.06445 -0.08057  0.00000 -0.00806  0.06445 -0.01611  0.03223
  0.09668 -0.01611  0.08057  0.03223  0.00806  0.03223 -0.08862 -0.00806 -0.01611  0.06445 -0.02417  0.02417
  0.08862 -0.00806  0.07251  0.01611  0.00806  0.03223 -0.08057  0.00000 -0.00806  0.06445 -0.02417  0.03223
  0.10474  0.00000  0.05640  0.01611  0.02417  0.03223 -0.08057  0.00000  0.00000  0.06445 -0.03223  0.00000
  0.10474  0.00806  0.05640  0.03223  0.01611  0.03223 -0.10474 -0.01611  0.00000  0.04028 -0.00806  0.00806
  0.09668  0.01611  0.06445  0.01611  0.02417  0.03223 -0.09668 -0.01611  0.01611  0.02417  0.00806  0.02417
  0.08057  0.02417  0.05640 -0.04028  0.04028  0.08057 -0.12891 -0.00806 -0.00806 -0.01611  0.00806  0.00806
  0.05640  0.05640  0.04834 -0.08862  0.05640  0.14502 -0.14502  0.00806 -0.02417 -0.06445  0.00000  0.01611
  0.04834  0.10474  0.04028 -0.14502  0.07251  0.22559 -0.14502  0.02417  0.00806 -0.07251 -0.01611  0.03223
  0.01611  0.16919  0.02417 -0.19336  0.12891  0.33032 -0.16113  0.01611 -0.00806 -0.07251 -0.02417  0.03223
 -0.14502  0.31421  0.03223 -0.30615  0.16919  0.49951 -0.13696  0.00806 -0.01611 -0.01611 -0.02417 -0.00806
 -0.07251  0.38672  0.07251 -0.48340  0.24976  0.66870 -0.07251 -0.02417  0.08862  0.06445 -0.02417 -0.05640
 -0.06445  0.37061  0.02417 -0.48340  0.24976  0.70093 -0.08862 -0.03223  0.04834  0.12891 -0.02417 -0.04028
  0.00000  0.40283 -0.20142 -0.31421  0.25781  0.66064 -0.08057 -0.00806  0.03223  0.19336 -0.04028 -0.07251
  0.06445  0.44312 -0.20947 -0.21753  0.26587  0.45923 -0.03223 -0.03223  0.08862  0.22559 -0.02417 -0.06445
  0.53174  0.46729 -0.10474 -0.16919  0.32227  0.28198 -0.05640 -0.06445  0.05640  0.18530 -0.02417 -0.07251
  0.28198  0.45923 -0.17725 -0.08057  0.29004  0.05640 -0.11279 -0.05640  0.05640  0.07251  0.00000 -0.09668
  0.25781  0.28198  0.02417 -0.17725  0.25781 -0.09668 -0.17725 -0.04834  0.05640 -0.00806  0.04834 -0.09668

  0.06445  0.00000  0.08862 -0.01611  0.01611  0.09668 -0.06445  0.00000  0.00806  0.06445  0.00000  0.00806
  0.06445 -0.01611  0.07251 -0.02417  0.00000  0.08057 -0.07251 -0.00806 -0.01611  0.07251 -0.00806  0.04028
  0.04834  0.00000  0.08862 -0.01611  0.01611  0.09668 -0.06445  0.00806 -0.01611  0.04834 -0.00806  0.04028
  0.05640  0.00000  0.05640 -0.02417  0.00806  0.08057 -0.08057 -0.00806 -0.01611  0.04028 -0.02417  0.01611
  0.04834  0.00806  0.07251 -0.04834  0.00806  0.08862 -0.08057 -0.01611  0.00806  0.04028 -0.00806  0.00000
  0.04834  0.00000  0.05640 -0.05640  0.01611  0.08057 -0.08057 -0.01611  0.00000  0.04028 -0.00806 -0.00806
  0.04834  0.00806  0.07251 -0.04028  0.00806  0.08057 -0.07251 -0.01611  0.03223  0.06445  0.00000  0.00000
  0.05640 -0.00806  0.08057 -0.04028  0.00000  0.08862 -0.07251 -0.02417  0.00806  0.04834 -0.02417 -0.01611
  0.04834 -0.00806  0.07251 -0.02417  0.00806  0.08057 -0.09668 -0.00806 -0.00806  0.03223 -0.03223  0.00000
  0.06445  0.00000  0.08057  0.00000  0.02417  0.08862 -0.07251 -0.00806 -0.01611  0.04028 -0.00806  0.00000
  0.04028 -0.01611  0.07251 -0.00806  0.00000  0.08057 -0.08057 -0.01611 -0.02417  0.02417 -0.01611  0.00000
  0.05640  0.00000  0.09668  0.01611  0.00806  0.08057 -0.08862 -0.00806 -0.02417  0.02417 -0.00806  0.01611
  0.05640  0.00000  0.07251  0.00806  0.00806  0.08057 -0.08862  0.00000 -0.00806  0.04028 -0.00806  0.00806
  0.06445  0.01611  0.07251  0.01611  0.04028  0.09668 -0.08057  0.00000 -0.00806  0.02417 -0.00806  0.02417
  0.04028  0.04834  0.06445 -0.07251  0.03223  0.15308 -0.12085  0.00000 -0.02417 -0.01611 -0.03223  0.03223
 -0.00806  0.11279  0.05640 -0.16919  0.08057  0.25781 -0.12891  0.01611 -0.00806 -0.04834 -0.02417  0.04028
 -0.08862  0.20142  0.02417 -0.29810  0.14502  0.41895 -0.14502  0.00000 -0.02417 -0.04834 -0.03223  0.00000
 -0.14502  0.31421  0.10474 -0.33838  0.20947  0.57202 -0.10474 -0.00806  0.04834  0.03223 -0.03223 -0.03223
 -0.05640  0.29810  0.04028 -0.36255  0.21753  0.65259 -0.04834 -0.01611  0.05640  0.12891 -0.02417 -0.04028
 -0.00806  0.34644 -0.17725 -0.27393  0.20142  0.57202 -0.04028 -0.01611  0.07251  0.16113 -0.04834 -0.04834
  0.06445  0.40283 -0.23364 -0.14502  0.28198  0.39478 -0.04834 -0.03223  0.06445  0.15308 -0.02417 -0.06445
  0.43506  0.40283 -0.15308 -0.09668  0.33032  0.31421 -0.08057 -0.07251  0.05640  0.10474  0.00806 -0.08862
  0.17725  0.38672 -0.15308  0.00000  0.33032  0.21753 -0.13696 -0.06445  0.04834  0.04028  0.02417 -0.08862
  0.15308  0.16113  0.04834  0.00000  0.19336  0.04028 -0.18530 -0.05640  0.02417 -0.04834  0.05640 -0.07251

  0.08057  0.00000  0.07251 -0.01611  0.00000  0.06445 -0.06445  0.00000  0.00806  0.09668 -0.04028  0.00000
  0.08057  0.00806  0.06445 -0.01611  0.00806  0.06445 -0.07251  0.00000  0.00000  0.08862 -0.02417  0.01611
  0.07251  0.00000  0.06445 -0.01611  0.00806  0.06445 -0.07251 -0.00806  0.00000  0.07251 -0.02417  0.00806
  0.07251 -0.00806  0.06445 -0.02417  0.00000  0.08862 -0.08862 -0.00806 -0.00806  0.05640 -0.03223  0.01611
  0.06445 -0.00806  0.08057 -0.01611  0.00806  0.10474 -0.08862  0.00000 -0.01611  0.03223  0.00000  0.02417
  0.06445  0.00000  0.07251 -0.00806  0.00806  0.09668 -0.11279 -0.00806 -0.00806  0.04028 -0.00806  0.00000
  0.06445  0.01611  0.08862 -0.00806  0.00806  0.11279 -0.08057 -0.00806  0.00806  0.06445 -0.01611  0.00000
  0.05640  0.00806  0.07251 -0.02417  0.00000  0.09668 -0.07251 -0.00806  0.00806  0.05640 -0.02417  0.00000
  0.05640 -0.00806  0.09668 -0.05640 -0.00806  0.12085 -0.09668 -0.01611  0.02417  0.07251 -0.02417  0.00000
  0.05640  0.00000  0.08057 -0.06445 -0.01611  0.12891 -0.09668 -0.03223  0.04028  0.08057 -0.01611 -0.01611
  0.02417 -0.01611  0.07251 -0.07251 -0.02417  0.12085 -0.09668 -0.01611  0.04028  0.07251 -0.01611 -0.00806
  0.01611  0.00000  0.07251 -0.08057 -0.01611  0.10474 -0.07251 -0.01611  0.02417  0.06445 -0.00806 -0.00806
  0.02417  0.00806  0.06445 -0.08057  0.01611  0.11279 -0.08057 -0.02417  0.02417  0.05640  0.00000  0.00000
  0.00000  0.04028  0.08057 -0.09668  0.04834  0.13696 -0.10474 -0.01611  0.00806  0.04028  0.00806 -0.00806
 -0.01611  0.08862  0.06445 -0.11279  0.08057  0.21753 -0.13696  0.01611  0.02417  0.00806 -0.04834 -0.02417
 -0.04834  0.11279  0.06445 -0.12085  0.11279  0.41089 -0.10474 -0.01611  0.06445  0.00806 -0.04028 -0.05640
 -0.18530  0.28198  0.04028 -0.24170  0.17725  0.58008 -0.12891 -0.02417  0.04834  0.04028 -0.02417 -0.09668
  0.04028  0.35449  0.10474 -0.43506  0.27393  0.80566 -0.08862 -0.04028  0.07251  0.02417  0.03223 -0.08862
 -0.01611  0.41089 -0.07251 -0.43506  0.24976  0.80566 -0.15308 -0.04834  0.04834 -0.00806  0.03223 -0.09668
  0.03223  0.50757 -0.20142 -0.41089  0.24976  0.73315 -0.15308 -0.02417  0.05640  0.00806  0.01611 -0.08057
  0.33838  0.67676 -0.21753 -0.33032  0.32227  0.64453 -0.09668 -0.02417  0.07251  0.05640 -0.01611 -0.08057
  0.09668  0.78149 -0.34644 -0.14502  0.47534  0.49146 -0.10474 -0.05640  0.04834  0.12085  0.00806 -0.04028
  0.17725  0.68481 -0.09668 -0.09668  0.45923  0.23364 -0.11279 -0.05640  0.03223  0.04834 -0.00806 -0.04834
  0.08862  0.52368 -0.02417 -0.18530  0.42700  0.06445 -0.10474 -0.02417  0.05640  0.01611  0.02417 -0.01611

  0.04834  0.00000  0.08862  0.02417  0.00000  0.11279 -0.07251 -0.02417  0.00806  0.05640 -0.01611  0.00806
  0.03223 -0.00806  0.08057  0.00806  0.00806  0.08862 -0.07251 -0.00806  0.01611  0.06445  0.00000  0.01611
  0.04028  0.00806  0.07251  0.00000  0.00806  0.09668 -0.08057 -0.00806  0.00806  0.05640 -0.02417 -0.00806
  0.03223 -0.00806  0.08057  0.02417  0.00000  0.08862 -0.08862 -0.02417  0.00806  0.06445 -0.03223 -0.01611
  0.03223 -0.00806  0.08862  0.02417  0.00000  0.08862 -0.08057 -0.03223  0.01611  0.08057 -0.01611 -0.00806
  0.01611 -0.01611  0.08057  0.00806 -0.00806  0.08862 -0.08057 -0.02417  0.01611  0.07251 -0.01611  0.00000
  0.02417  0.00806  0.08057  0.00000  0.00806  0.09668 -0.09668 -0.00806  0.01611  0.06445 -0.01611  0.00000
  0.03223  0.00000  0.08862  0.00000  0.00806  0.10474 -0.09668 -0.02417  0.02417  0.05640 -0.02417 -0.00806
  0.03223  0.00806  0.08862  0.00806  0.00000  0.08862 -0.08862 -0.02417  0.01611  0.05640 -0.01611  0.00000
  0.00806  0.00000  0.08862  0.02417  0.01611  0.10474 -0.08862 -0.01611  0.02417  0.04028 -0.01611 -0.00806
  0.00000  0.00000  0.08862  0.00806  0.00806  0.09668 -0.08057 -0.00806  0.02417  0.04028 -0.01611 -0.00806
  0.00000  0.00000  0.08057 -0.01611  0.01611  0.11279 -0.11279 -0.00806  0.01611  0.00000 -0.01611 -0.03223
  0.00806  0.04028  0.09668 -0.00806  0.00806  0.14502 -0.13696 -0.00806  0.00806 -0.00806  0.00000 -0.00806
 -0.00806  0.06445  0.08862 -0.03223  0.04834  0.20947 -0.12891  0.00000  0.00806 -0.01611  0.00000  0.03223
 -0.06445  0.08862  0.09668 -0.04834  0.04834  0.28198 -0.10474 -0.02417  0.00000 -0.00806 -0.00806 -0.03223
 -0.04028  0.06445  0.10474 -0.05640  0.04028  0.29004 -0.09668 -0.02417  0.02417  0.04028  0.00806 -0.04028
 -0.03223  0.08057  0.11279 -0.17725  0.04028  0.29810 -0.07251 -0.04028  0.08862  0.09668 -0.02417 -0.08862
  0.00806  0.16113  0.04028 -0.40283  0.11279  0.35449 -0.08862 -0.04028  0.10474  0.09668 -0.02417 -0.10474
  0.03223  0.29810 -0.03223 -0.45117  0.20947  0.30615 -0.11279 -0.04834  0.07251  0.07251 -0.01611 -0.10474
  0.06445  0.38672  0.00000 -0.41895  0.24976  0.24976 -0.08862 -0.04834  0.04834  0.07251  0.00000 -0.08057
  0.28198  0.52368 -0.04834 -0.41089  0.32227  0.24976 -0.07251 -0.01611  0.04834  0.08057 -0.01611 -0.06445
  0.12085  0.52368 -0.02417 -0.26587  0.39478  0.16113 -0.08862 -0.04028  0.04834  0.04834  0.00806 -0.09668
  0.08862  0.40283 -0.01611 -0.06445  0.37866  0.08862 -0.11279 -0.04834  0.07251 -0.03223  0.02417 -0.10474
  0.06445  0.21753  0.06445  0.00000  0.24170  0.04834 -0.13696 -0.03223  0.04834 -0.04834  0.04834 -0.08862

  0.08057  0.03223  0.09668 -0.01611  0.01611  0.14502 -0.12085 -0.00806  0.02417  0.00806  0.00806  0.04028
  0.06445 -0.01611  0.04028  0.00806 -0.00806  0.08057 -0.14502 -0.01611  0.00000 -0.02417 -0.02417  0.02417
  0.06445 -0.01611  0.04028 -0.00806  0.00806  0.04834 -0.12891 -0.00806  0.00806  0.00806 -0.02417  0.02417
  0.06445 -0.01611  0.04028 -0.01611  0.00000  0.02417 -0.12085  0.00000  0.01611  0.03223 -0.02417  0.02417
  0.06445 -0.02417  0.04834 -0.00806  0.00000  0.03223 -0.11279 -0.01611  0.02417  0.06445 -0.03223  0.00806
  0.07251 -0.00806  0.07251 -0.01611  0.00806  0.04834 -0.10474 -0.02417  0.02417  0.07251 -0.00806  0.00806
  0.07251  0.01611  0.08862  0.00000  0.03223  0.08057 -0.08057  0.00000  0.04028  0.07251 -0.00806  0.01611
  0.04834  0.00000  0.05640 -0.02417  0.02417  0.08057 -0.11279 -0.01611  0.03223  0.04834 -0.03223  0.00000
  0.05640 -0.00806  0.06445 -0.02417 -0.00806  0.10474 -0.10474  0.00000  0.04834  0.05640  0.00000  0.01611
  0.05640 -0.00806  0.05640 -0.03223  0.00000  0.08057 -0.11279 -0.01611  0.01611  0.04028 -0.01611  0.00806
  0.04834  0.01611  0.07251 -0.04028  0.01611  0.09668 -0.10474  0.00000  0.03223  0.04834 -0.00806  0.01611
  0.04028  0.01611  0.05640 -0.06445  0.00000  0.08057 -0.12891 -0.00806  0.01611  0.04834 -0.02417  0.01611
  0.02417  0.01611  0.05640 -0.10474  0.00806  0.11279 -0.10474 -0.00806  0.00806 -0.01611  0.00000  0.00000
  0.00806  0.04028  0.06445 -0.12085  0.02417  0.12891 -0.10474  0.00806  0.04028 -0.03223  0.00806 -0.01611
  0.00806  0.10474  0.06445 -0.12085  0.07251  0.19336 -0.16113  0.00806  0.04028 -0.06445  0.04028  0.01611
 -0.08057  0.16113  0.03223 -0.18530  0.11279  0.26587 -0.19336  0.00000  0.01611 -0.05640 -0.00806  0.00000
 -0.14502  0.33032  0.10474 -0.29810  0.22559  0.41895 -0.13696 -0.00806  0.04028  0.00806 -0.00806 -0.02417
 -0.07251  0.35449  0.15308 -0.52368  0.26587  0.57202 -0.06445 -0.04028  0.08057  0.08862 -0.00806 -0.06445
 -0.03223  0.47534  0.01611 -0.57202  0.28198  0.68481 -0.08862 -0.03223  0.12085  0.15308 -0.04834 -0.10474
 -0.07251  0.54785 -0.06445 -0.51562  0.30615  0.68481 -0.10474 -0.02417  0.09668  0.13696 -0.04834 -0.10474
  0.00000  0.62842 -0.11279 -0.33032  0.43506  0.57202 -0.08057 -0.03223  0.09668  0.14502 -0.01611 -0.07251
  0.20947  0.72510 -0.12891 -0.16113  0.50757  0.20142 -0.08862 -0.05640  0.04834  0.12085  0.00000 -0.06445
  0.29004  0.44312 -0.11279 -0.07251  0.53979 -0.00806 -0.14502 -0.04028  0.04834  0.01611  0.00000 -0.07251
  0.25781  0.35449 -0.12891 -0.04834  0.47534 -0.03223 -0.13696 -0.02417  0.05640 -0.05640  0.00806 -0.06445

  0.06445 -0.00806  0.04834 -0.03223  0.00806  0.06445 -0.10474 -0.00806  0.02417  0.08057 -0.02417  0.00000
  0.06445 -0.00806  0.05640 -0.01611  0.00000  0.07251 -0.09668 -0.01611  0.02417  0.08057 -0.02417  0.00000
  0.05640 -0.00806  0.05640 -0.02417  0.00000  0.08057 -0.10474 -0.01611  0.01611  0.06445 -0.02417  0.00000
  0.05640 -0.00806  0.05640 -0.03223  0.00000  0.08057 -0.10474 -0.01611  0.02417  0.05640 -0.02417 -0.00806
  0.04834 -0.00806  0.04834 -0.04834  0.00000  0.07251 -0.12085 -0.01611  0.01611  0.04028 -0.03223  0.00000
  0.05640  0.01611  0.05640 -0.05640  0.00000  0.08057 -0.12085 -0.01611  0.01611  0.03223 -0.01611  0.00000
  0.04834  0.00000  0.05640 -0.05640 -0.01611  0.07251 -0.14502 -0.02417  0.00806  0.02417 -0.02417 -0.01611
  0.05640  0.00806  0.05640 -0.04834 -0.00806  0.08057 -0.12085 -0.01611  0.01611  0.03223 -0.01611 -0.02417
  0.06445  0.01611  0.06445 -0.04834  0.00806  0.10474 -0.11279 -0.00806  0.01611  0.09668  0.00000 -0.06445
  0.04834  0.00000  0.06445 -0.06445  0.01611  0.12891 -0.07251 -0.02417  0.08057  0.05640 -0.00806 -0.06445
  0.05640  0.04834  0.10474 -0.04834  0.03223  0.15308 -0.12085  0.01611  0.05640 -0.00806  0.00000 -0.00806
  0.03223  0.01611  0.07251 -0.10474  0.00806  0.14502 -0.17725 -0.00806  0.02417 -0.03223 -0.00806 -0.00806
  0.02417  0.03223  0.06445 -0.13696 -0.00806  0.16919 -0.16113 -0.02417  0.00806 -0.02417  0.03223  0.00806
  0.02417  0.04834  0.08057 -0.13696  0.00000  0.20142 -0.14502  0.00000  0.01611 -0.02417 -0.00806  0.03223
  0.00000  0.08057  0.07251 -0.12085  0.04834  0.22559 -0.16919 -0.01611 -0.02417 -0.00806 -0.02417  0.00806
 -0.05640  0.12085  0.03223 -0.15308  0.08862  0.29810 -0.11279 -0.01611  0.01611  0.06445 -0.02417 -0.04028
  0.00000  0.16919  0.08862 -0.24170  0.12891  0.37061 -0.10474 -0.02417  0.10474  0.09668 -0.04028 -0.07251
  0.05640  0.30615  0.06445 -0.35449  0.18530  0.47534 -0.12891 -0.04028  0.11279  0.07251 -0.02417 -0.12085
  0.01611  0.36255  0.01611 -0.33838  0.21753  0.48340 -0.11279 -0.04028  0.12085  0.08862 -0.00806 -0.12085
  0.08862  0.42700 -0.12085 -0.38672  0.25781  0.46729 -0.11279 -0.04028  0.09668  0.07251 -0.00806 -0.09668
  0.13696  0.58813 -0.16919 -0.31421  0.35449  0.47534 -0.10474 -0.02417  0.08057  0.04834  0.02417 -0.08057
  0.12085  0.57202 -0.14502 -0.20947  0.40283  0.36255 -0.13696 -0.04834  0.04834  0.01611  0.03223 -0.08057
  0.13696  0.51562 -0.12085 -0.16919  0.41089  0.32227 -0.16113 -0.04834  0.05640  0.02417  0.04028 -0.08057
  0.10474  0.41089 -0.07251 -0.10474  0.38672  0.21753 -0.17725 -0.03223  0.04834 -0.00806  0.03223 -0.05640

  0.06445  0.00000  0.05640 -0.03223  0.00806  0.08057 -0.12085 -0.00806  0.01611  0.02417 -0.01611  0.00000
  0.07251  0.00000  0.04834 -0.02417  0.00806  0.07251 -0.11279 -0.01611  0.01611  0.02417 -0.01611  0.00000
  0.06445  0.00806  0.06445 -0.03223  0.00000  0.06445 -0.11279 -0.02417  0.00806  0.02417 -0.00806  0.00000
  0.06445  0.00000  0.04834 -0.04028  0.00806  0.06445 -0.12085 -0.01611  0.00806  0.03223  0.00000  0.00806
  0.05640 -0.01611  0.04834 -0.04028  0.00000  0.06445 -0.12891 -0.02417  0.00806  0.03223 -0.00806  0.00000
  0.06445  0.00806  0.04834 -0.03223  0.00806  0.07251 -0.11279 -0.02417  0.01611  0.04834 -0.01611 -0.01611
  0.06445  0.00000  0.05640 -0.02417  0.00000  0.08862 -0.11279 -0.01611  0.04028  0.03223 -0.02417 -0.03223
  0.06445  0.00000  0.06445 -0.02417  0.01611  0.08862 -0.13696  0.00000  0.02417  0.03223 -0.03223  0.00000
  0.05640  0.00000  0.06445 -0.04028  0.00806  0.08057 -0.14502 -0.01611  0.00000  0.04028 -0.01611  0.01611
  0.05640  0.00000  0.06445 -0.03223  0.00806  0.08057 -0.12891 -0.01611  0.00000  0.03223 -0.00806  0.01611
  0.04028 -0.00806  0.06445 -0.05640 -0.00806  0.07251 -0.12891 -0.01611  0.00000  0.01611  0.01611  0.03223
  0.03223  0.00806  0.05640 -0.08057  0.00000  0.11279 -0.12891  0.00000 -0.00806  0.00000  0.00000  0.00000
  0.02417  0.02417  0.04028 -0.11279  0.01611  0.12085 -0.12085  0.00000 -0.00806 -0.01611 -0.00806 -0.02417
  0.01611  0.04028  0.03223 -0.12891  0.03223  0.12085 -0.12085  0.00000  0.00806 -0.01611 -0.01611 -0.01611
 -0.00806  0.04834  0.05640 -0.13696  0.03223  0.15308 -0.14502  0.00000  0.03223 -0.04834 -0.02417 -0.04028
  0.00806  0.09668  0.04834 -0.15308  0.08057  0.24976 -0.19336  0.01611  0.05640 -0.09668 -0.02417 -0.03223
 -0.17725  0.19336 -0.01611 -0.19336  0.15308  0.41895 -0.22559  0.00806  0.02417 -0.07251 -0.01611 -0.03223
 -0.12891  0.36255  0.08862 -0.37061  0.21753  0.53979 -0.13696 -0.02417  0.01611  0.02417 -0.01611 -0.04028
 -0.08057  0.37866  0.02417 -0.43506  0.24170  0.59619 -0.06445 -0.04834  0.08057  0.16113 -0.02417 -0.06445
 -0.05640  0.41895 -0.16113 -0.40283  0.27393  0.57202 -0.06445 -0.05640  0.09668  0.20947 -0.02417 -0.07251
  0.21753  0.59619 -0.27393 -0.24170  0.41895  0.45117 -0.18530 -0.04028  0.09668 -0.00806  0.00806 -0.12085
  0.17725  0.51562 -0.12891 -0.06445  0.42700  0.16919 -0.17725 -0.05640  0.08862 -0.03223  0.03223 -0.13696
  0.19336  0.36255 -0.09668 -0.23364  0.35449 -0.00806 -0.18530 -0.04834  0.07251 -0.03223  0.03223 -0.09668
  0.11279  0.22559  0.00806 -0.14502  0.27393 -0.00806 -0.16113 -0.03223  0.04834 -0.00806  0.02417 -0.05640

  0.05640  0.00000  0.03223 -0.07251  0.00000  0.07251 -0.11279 -0.00806  0.03223  0.04834  0.00000  0.02417
  0.04834  0.00000  0.04028 -0.08862  0.00000  0.07251 -0.13696 -0.01611  0.00000  0.03223 -0.03223  0.00000
  0.04834  0.00806  0.03223 -0.07251  0.00000  0.08862 -0.13696 -0.02417  0.00806  0.04834 -0.01611  0.00000
  0.04028  0.00000  0.04028 -0.05640  0.00806  0.08057 -0.12891 -0.02417  0.01611  0.04028 -0.00806 -0.02417
  0.04834  0.00806  0.05640 -0.04834  0.01611  0.09668 -0.11279 -0.00806  0.04028  0.06445 -0.01611 -0.01611
  0.04028 -0.00806  0.04834 -0.06445  0.00000  0.09668 -0.12891  0.00000  0.03223  0.04834 -0.03223 -0.00806
  0.02417 -0.01611  0.04028 -0.07251 -0.01611  0.09668 -0.14502 -0.01611  0.01611  0.03223 -0.03223 -0.00806
  0.03223 -0.00806  0.04834 -0.07251 -0.00806  0.09668 -0.13696 -0.02417  0.02417  0.05640  0.00000  0.00000
  0.02417 -0.00806  0.04028 -0.08057 -0.00806  0.09668 -0.13696 -0.01611  0.03223  0.05640 -0.00806 -0.01611
  0.00806 -0.01611  0.04028 -0.08862 -0.01611  0.09668 -0.14502 -0.02417  0.01611  0.04028 -0.01611 -0.02417
  0.01611  0.00000  0.04834 -0.09668 -0.00806  0.10474 -0.14502 -0.01611  0.03223 -0.00806  0.00000 -0.02417
  0.00806  0.02417  0.04834 -0.12085 -0.00806  0.12085 -0.16919 -0.00806  0.03223 -0.04028  0.00000 -0.03223
  0.00806  0.01611  0.04834 -0.12085  0.00806  0.13696 -0.17725 -0.00806  0.03223 -0.03223  0.00000 -0.03223
 -0.00806  0.05640  0.05640 -0.11279  0.04028  0.16919 -0.19336  0.00000  0.04028 -0.05640 -0.00806 -0.03223
 -0.02417  0.08057  0.05640 -0.10474  0.06445  0.22559 -0.18530 -0.00806  0.04028 -0.06445 -0.00806 -0.03223
 -0.08057  0.12891  0.04834 -0.20142  0.08057  0.32227 -0.18530 -0.02417  0.04028 -0.03223 -0.02417 -0.04028
 -0.03223  0.24170  0.13696 -0.36255  0.15308  0.49951 -0.12891 -0.04028  0.06445  0.07251 -0.01611 -0.06445
 -0.04834  0.29810  0.04028 -0.43506  0.17725  0.58813 -0.12891 -0.04834  0.08057  0.08862 -0.01611 -0.07251
 -0.03223  0.34644 -0.07251 -0.43506  0.23364  0.57202 -0.13696 -0.02417  0.08057  0.12891 -0.04028 -0.08057
  0.06445  0.45117 -0.23364 -0.46729  0.31421  0.58008 -0.10474 -0.02417  0.09668  0.12891 -0.03223 -0.07251
  0.07251  0.65259 -0.29004 -0.41089  0.34644  0.55591 -0.12891 -0.04834  0.07251  0.03223  0.00806 -0.08862
  0.04028  0.65259 -0.27393 -0.22559  0.41089  0.44312 -0.20947 -0.04834  0.06445 -0.02417  0.01611 -0.11279
  0.04834  0.60425 -0.25781 -0.22559  0.39478  0.39478 -0.20142 -0.04028  0.07251 -0.02417  0.04028 -0.09668
  0.08862  0.53174 -0.20142 -0.20947  0.40283  0.19336 -0.20142 -0.03223  0.07251 -0.02417  0.04028 -0.08862

  0.02417 -0.00806  0.04834 -0.08862  0.01611  0.12891 -0.11279 -0.00806  0.04028  0.06445 -0.00806  0.00000
  0.02417 -0.01611  0.05640 -0.09668 -0.01611  0.11279 -0.13696 -0.02417  0.03223  0.05640 -0.02417 -0.01611
  0.02417 -0.00806  0.04028 -0.08862 -0.01611  0.11279 -0.12085 -0.01611  0.03223  0.05640 -0.02417 -0.02417
  0.01611 -0.00806  0.04028 -0.09668 -0.00806  0.11279 -0.12891 -0.01611  0.03223  0.04028 -0.02417 -0.04028
  0.02417 -0.00806  0.04834 -0.08862 -0.00806  0.11279 -0.14502 -0.02417  0.04834  0.06445 -0.01611 -0.03223
  0.04028 -0.01611  0.04834 -0.08862 -0.01611  0.11279 -0.13696 -0.02417  0.03223  0.06445 -0.00806 -0.04028
  0.02417  0.00000  0.06445 -0.04834  0.01611  0.08862 -0.15308 -0.02417  0.04834  0.05640 -0.01611 -0.05640
  0.02417 -0.00806  0.05640 -0.06445 -0.00806  0.12085 -0.14502 -0.02417  0.05640  0.04028 -0.01611 -0.05640
  0.02417 -0.02417  0.06445 -0.08862 -0.00806  0.12085 -0.16919 -0.03223  0.04834  0.02417 -0.01611 -0.04028
  0.01611  0.00806  0.07251 -0.08862 -0.00806  0.12891 -0.15308 -0.02417  0.03223  0.01611  0.00000 -0.02417
  0.02417  0.00000  0.06445 -0.09668 -0.00806  0.13696 -0.16113 -0.01611  0.03223  0.00806  0.01611 -0.01611
  0.00806  0.00806  0.06445 -0.12085  0.00000  0.15308 -0.16113 -0.01611  0.03223 -0.01611  0.01611 -0.01611
  0.00000  0.02417  0.05640 -0.12891  0.01611  0.16919 -0.16113 -0.01611  0.03223 -0.01611  0.00000 -0.02417
 -0.01611  0.04028  0.04028 -0.15308  0.03223  0.20142 -0.20142 -0.02417  0.03223 -0.05640 -0.01611 -0.04028
 -0.03223  0.08057  0.04028 -0.16113  0.06445  0.25781 -0.19336  0.02417  0.06445 -0.03223 -0.02417 -0.03223
 -0.08057  0.13696  0.04028 -0.23364  0.09668  0.33838 -0.17725  0.00000  0.05640 -0.00806 -0.03223 -0.02417
  0.00806  0.24976  0.06445 -0.37061  0.16113  0.42700 -0.15308 -0.02417  0.06445  0.04834 -0.00806 -0.05640
 -0.03223  0.33032  0.06445 -0.44312  0.16919  0.44312 -0.14502 -0.05640  0.06445  0.04834 -0.00806 -0.07251
 -0.00806  0.35449 -0.05640 -0.45923  0.22559  0.49146 -0.13696 -0.05640  0.08057  0.06445  0.00000 -0.09668
  0.01611  0.64453 -0.16919 -0.42700  0.37061  0.45117 -0.14502 -0.03223  0.10474  0.01611  0.00000 -0.12891
  0.04028  0.66064 -0.16919 -0.33032  0.47534  0.33838 -0.16919 -0.04834  0.09668 -0.02417  0.02417 -0.10474
  0.11279  0.58813 -0.13696 -0.32227  0.49146  0.24976 -0.20142 -0.05640  0.07251 -0.06445  0.06445 -0.09668
  0.07251  0.50757 -0.08057 -0.24976  0.43506  0.13696 -0.20947 -0.04834  0.06445 -0.08057  0.05640 -0.08057
  0.01611  0.32227 -0.01611 -0.05640  0.29810  0.07251 -0.20142 -0.04028  0.03223 -0.05640  0.03223 -0.04028

  0.08862  0.00806  0.01611 -0.08057  0.00806  0.08057 -0.16919 -0.01611  0.00000 -0.04028 -0.00806  0.00000
  0.06445 -0.01611  0.00806 -0.08057  0.00000  0.07251 -0.17725 -0.02417  0.01611 -0.02417 -0.02417  0.00000
  0.08057 -0.00806  0.03223 -0.06445  0.00000  0.07251 -0.15308 -0.01611  0.02417  0.01611 -0.01611  0.00000
  0.06445 -0.01611  0.02417 -0.07251 -0.01611  0.05640 -0.15308 -0.02417  0.01611  0.00000 -0.01611 -0.00806
  0.07251 -0.00806  0.04028 -0.08057  0.00000  0.06445 -0.15308 -0.01611  0.01611  0.00806 -0.01611  0.00000
  0.08057  0.00000  0.01611 -0.08057  0.00000  0.06445 -0.15308 -0.01611  0.02417  0.03223 -0.02417  0.00000
  0.08862  0.01611  0.03223 -0.06445  0.01611  0.07251 -0.12891  0.00000  0.03223  0.04834 -0.01611  0.01611
  0.06445 -0.00806  0.03223 -0.07251  0.00806  0.06445 -0.12891 -0.01611  0.03223  0.04028 -0.02417  0.00000
  0.05640 -0.01611  0.03223 -0.06445  0.00000  0.06445 -0.12891 -0.02417  0.02417  0.05640 -0.02417 -0.00806
  0.06445 -0.00806  0.03223 -0.07251  0.00000  0.08057 -0.11279 -0.01611  0.01611  0.05640 -0.01611  0.00806
  0.06445  0.00000  0.03223 -0.06445  0.00000  0.08057 -0.12085 -0.00806  0.02417  0.04834 -0.02417  0.00000
  0.07251 -0.00806  0.04028 -0.05640  0.00000  0.08057 -0.13696 -0.00806  0.03223  0.04028 -0.01611 -0.00806
  0.04834  0.00000  0.04834 -0.07251 -0.00806  0.09668 -0.15308 -0.00806  0.02417 -0.00806 -0.01611 -0.02417
  0.03223  0.04028  0.04028 -0.13696  0.02417  0.17725 -0.16919 -0.01611  0.02417 -0.03223  0.00000 -0.05640
  0.01611  0.08862  0.03223 -0.15308  0.07251  0.26587 -0.16919  0.00000  0.06445 -0.08862  0.00806 -0.03223
 -0.06445  0.16919  0.01611 -0.22559  0.11279  0.40283 -0.24976  0.02417  0.02417 -0.13696 -0.00806  0.01611
 -0.19336  0.37061  0.04028 -0.37866  0.20142  0.58813 -0.22559  0.00806 -0.00806 -0.11279  0.00000  0.00000
 -0.20947  0.43506  0.09668 -0.50757  0.26587  0.61230 -0.13696 -0.05640  0.07251  0.00806  0.00806 -0.06445
 -0.16113  0.46729 -0.07251 -0.58813  0.33032  0.55591 -0.07251 -0.04834  0.11279  0.14502 -0.03223 -0.12085
  0.06445  0.58008 -0.20142 -0.45923  0.37061  0.45117 -0.07251 -0.06445  0.11279  0.20947 -0.04834 -0.15308
  0.21753  0.59619 -0.20142 -0.45117  0.41089  0.41089 -0.10474 -0.07251  0.10474  0.19336 -0.03223 -0.14502
  0.17725  0.70898 -0.32227 -0.45117  0.53174  0.33032 -0.12891 -0.08862  0.10474  0.09668  0.01611 -0.12085
  0.14502  0.59619 -0.18530 -0.22559  0.57202  0.10474 -0.19336 -0.05640  0.08057 -0.04028  0.01611 -0.12085
  0.24976  0.45117 -0.14502 -0.27393  0.42700 -0.03223 -0.16919 -0.01611  0.05640  0.00000  0.02417 -0.06445

  0.06445 -0.00806  0.02417 -0.09668 -0.00806  0.07251 -0.12891 -0.01611  0.01611  0.03223 -0.01611  0.00000
  0.07251 -0.00806  0.00806 -0.09668 -0.00806  0.08057 -0.12891 -0.02417  0.01611  0.04834 -0.02417 -0.00806
  0.08057  0.01611  0.04028 -0.07251  0.01611  0.09668 -0.11279  0.00000  0.03223  0.05640  0.00000  0.00806
  0.04834  0.00000  0.01611 -0.10474 -0.00806  0.07251 -0.13696 -0.02417  0.01611  0.04028 -0.02417 -0.00806
  0.04834  0.00000  0.01611 -0.10474  0.00000  0.07251 -0.13696 -0.01611  0.02417  0.04834 -0.01611 -0.01611
  0.04834 -0.00806  0.00806 -0.10474  0.00000  0.07251 -0.13696 -0.02417  0.01611  0.03223 -0.02417  0.00806
  0.05640 -0.00806  0.02417 -0.08057  0.00000  0.07251 -0.14502 -0.02417  0.01611  0.01611 -0.00806  0.01611
  0.05640 -0.00806  0.02417 -0.07251  0.00000  0.07251 -0.15308 -0.01611  0.00806  0.00000 -0.00806  0.01611
  0.06445  0.00806  0.04834 -0.06445  0.01611  0.08862 -0.15308 -0.00806  0.02417  0.01611  0.00000  0.01611
  0.05640 -0.00806  0.03223 -0.04834  0.00806  0.06445 -0.13696 -0.02417  0.02417  0.04028 -0.01611 -0.01611
  0.06445 -0.01611  0.03223 -0.07251 -0.00806  0.06445 -0.12891 -0.02417  0.02417  0.04834  0.00000 -0.01611
  0.04834 -0.00806  0.02417 -0.07251  0.00000  0.04834 -0.13696 -0.02417  0.03223  0.03223 -0.00806 -0.02417
  0.04028  0.01611  0.03223 -0.11279  0.01611  0.07251 -0.12891 -0.01611  0.04028 -0.00806  0.01611 -0.00806
  0.02417  0.02417  0.00806 -0.12085  0.01611  0.07251 -0.15308 -0.00806  0.02417 -0.04834  0.00806  0.00000
 -0.00806  0.08057  0.01611 -0.13696  0.05640  0.09668 -0.17725  0.00000  0.00000 -0.08862 -0.00806  0.00000
  0.00806  0.13696  0.03223 -0.13696  0.12085  0.20947 -0.20142  0.00806  0.00806 -0.13696 -0.01611 -0.00806
 -0.08862  0.20947  0.01611 -0.20142  0.20142  0.33032 -0.19336  0.00806  0.01611 -0.13696 -0.00806 -0.00806
 -0.22559  0.43506  0.16919 -0.40283  0.28198  0.56396 -0.18530  0.00000  0.02417 -0.11279 -0.00806 -0.03223
 -0.37866  0.50757  0.12891 -0.37061  0.35449  0.69287 -0.16113  0.00000  0.05640 -0.01611 -0.00806 -0.04028
 -0.21753  0.32227  0.01611 -0.24170  0.29810  0.58008 -0.10474 -0.01611  0.08862  0.11279 -0.04834 -0.06445
  0.01611  0.31421 -0.05640 -0.20947  0.26587  0.50757 -0.08057 -0.02417  0.09668  0.13696 -0.04834 -0.07251
  0.18530  0.37061 -0.20142 -0.17725  0.24170  0.28198 -0.07251 -0.04834  0.08862  0.18530 -0.02417 -0.06445
  0.17725  0.37866 -0.11279 -0.13696  0.29004  0.20947 -0.09668 -0.08057  0.06445  0.19336 -0.00806 -0.04834
  0.44312  0.42700 -0.20142 -0.16113  0.33838  0.18530 -0.12085 -0.08057  0.02417  0.17725 -0.04028 -0.05640

