 -0.25789  0.02654  0.06087  0.02171  0.11028  0.04889  0.03507  0.10249 -0.13693 -0.08405  0.12173 -0.13826
 -0.15050 -0.02105  0.09423  0.05486 -0.07790  0.02424 -0.17420  0.05186 -0.12413 -0.03332 -0.06509 -0.13455
 -0.06047  0.12858  0.05208  0.06536  0.23512  0.09172 -0.08024 -0.11032

 -0.24681  0.02902  0.06453  0.02203  0.10588  0.04969  0.04057  0.09212 -0.12541 -0.07609  0.11346 -0.13939
 -0.15601 -0.02224  0.08337  0.06294 -0.09324  0.03673 -0.17055  0.07466 -0.11971 -0.02926 -0.07262 -0.11976
 -0.06844  0.12012  0.04521  0.07404  0.21967  0.08115 -0.09094 -0.10796

 -0.24812  0.03137  0.05734  0.04635  0.11468  0.04678  0.03635  0.09203 -0.11209 -0.08260  0.09529 -0.13526
 -0.16270 -0.03366  0.09522  0.07216 -0.09128  0.00663 -0.18067  0.04823 -0.13550 -0.01708 -0.07585 -0.12293
 -0.05597  0.13374  0.05710  0.06980  0.22575  0.07520 -0.07259 -0.11307

 -0.27106 -0.00012  0.06532  0.03506  0.09990  0.07516  0.02942  0.10782 -0.10296 -0.05275  0.11161 -0.16286
 -0.16794 -0.01425  0.09409  0.05312 -0.08417 -0.03285 -0.10103  0.05751 -0.07319  0.00273 -0.12724 -0.07304
 -0.08746  0.15773 -0.00485  0.08066  0.20729  0.10696 -0.11075 -0.02686

 -0.24842  0.09439  0.08748 -0.04898  0.02143 -0.02621  0.04194  0.05373 -0.07051 -0.03931  0.12095 -0.10929
 -0.22321 -0.03968  0.07147  0.10892 -0.15210 -0.05673 -0.09341  0.01959 -0.11077 -0.02520 -0.09507 -0.02151
 -0.07498  0.12354 -0.00316  0.09824  0.21442  0.06729 -0.03566 -0.04470

 -0.22405  0.12050  0.11906  0.02743  0.01091  0.02159  0.06202  0.04109 -0.06244 -0.05392  0.08812 -0.11917
 -0.24156 -0.06363  0.07587  0.10319 -0.11580 -0.06501 -0.11307  0.02755 -0.12868 -0.06607 -0.11495 -0.05404
 -0.06189  0.12944  0.00820  0.12205  0.19793  0.08908 -0.08193 -0.06276

 -0.23706  0.09023  0.09356  0.03296  0.01544 -0.00663  0.05019  0.09248 -0.04909 -0.05510  0.05751 -0.09688
 -0.24391 -0.11331  0.10616  0.10500 -0.17935 -0.08077 -0.10160 -0.03787 -0.15808 -0.06340 -0.09099 -0.08826
 -0.04959  0.20652  0.01054  0.17124  0.20048  0.06168 -0.08845 -0.04939

 -0.23867  0.04404  0.10458 -0.00305  0.03289  0.01597  0.05121  0.08682 -0.08664 -0.06868  0.10817 -0.11383
 -0.17890 -0.04888  0.06336  0.09237 -0.11711 -0.00307 -0.12733  0.07045 -0.13594 -0.06334 -0.10877 -0.08523
 -0.06611  0.14925  0.01525  0.07210  0.21821  0.10093 -0.08282 -0.09748

 -0.23278  0.13864  0.14936 -0.03217 -0.04256 -0.02921  0.04843  0.01513 -0.02904 -0.05153  0.10459 -0.11349
 -0.27956 -0.04775  0.06825  0.10728 -0.12794 -0.11285 -0.06917  0.00545 -0.10605 -0.06559 -0.11975  0.01632
 -0.09002  0.12697 -0.05172  0.09915  0.18520  0.09795 -0.08450 -0.02683

 -0.24028  0.09609  0.13764 -0.05523  0.05891 -0.01868  0.04673  0.00937 -0.04949 -0.07975  0.08276 -0.14091
 -0.21712  0.02068  0.05237  0.11305 -0.07648 -0.01292 -0.19167  0.02432 -0.22570  0.06365 -0.02272 -0.00491
 -0.11486  0.09416  0.05423 -0.02207  0.26574  0.11660  0.03346 -0.04029

 -0.24251  0.15527  0.14367  0.03167 -0.01973 -0.03367  0.03553  0.05614  0.01790 -0.07261  0.01841 -0.10023
 -0.30737 -0.14157  0.10602  0.11462 -0.18942 -0.12057 -0.11748 -0.12517 -0.22657 -0.02081 -0.05729 -0.05397
 -0.07047  0.20311  0.04080  0.19195  0.21555  0.06530 -0.05976  0.01252

 -0.22669  0.07046  0.10660  0.01468  0.07012  0.02368  0.06350  0.08137 -0.08546 -0.08897  0.08684 -0.11381
 -0.22081 -0.05918  0.07677  0.07761 -0.13798 -0.00466 -0.16066  0.02329 -0.14769 -0.01251 -0.07002 -0.08329
 -0.07483  0.13139  0.04386  0.09738  0.21467  0.08349 -0.05492 -0.08258

 -0.23876  0.06338  0.09127  0.03230  0.09008  0.02314  0.04496  0.07885 -0.09111 -0.08311  0.07502 -0.13234
 -0.20071 -0.03833  0.07317  0.07516 -0.11076 -0.00395 -0.16500  0.02535 -0.17200 -0.00706 -0.05783 -0.08582
 -0.07913  0.13288  0.05191  0.09026  0.23025  0.08952 -0.06915 -0.07500

 -0.23539  0.07138  0.04841  0.02940  0.09757  0.03395  0.03901  0.09925 -0.10395 -0.07691  0.07841 -0.09315
 -0.19704 -0.05595  0.09779  0.07854 -0.12560 -0.01307 -0.15109  0.01190 -0.15545 -0.03240 -0.07870 -0.10891
 -0.04395  0.15071  0.04631  0.11268  0.21028  0.07564 -0.09561 -0.09430

 -0.23284  0.04848  0.08294  0.02889  0.08522  0.01602  0.04010  0.11081 -0.09383 -0.08546  0.07892 -0.12930
 -0.18355 -0.04612  0.08182  0.08282 -0.12389 -0.00642 -0.15802  0.01820 -0.16574 -0.01971 -0.06125 -0.10062
 -0.05362  0.14299  0.04151  0.08786  0.22235  0.07945 -0.07885 -0.09071

 -0.23627  0.04385  0.07271  0.00789  0.08800  0.02447  0.03781  0.09486 -0.10619 -0.08243  0.09402 -0.13083
 -0.17204 -0.03290  0.08587  0.07223 -0.10082  0.01231 -0.17829  0.04586 -0.14558 -0.01409 -0.05452 -0.10331
 -0.06977  0.12700  0.05141  0.06971  0.22665  0.09351 -0.07182 -0.09458

 -0.24432  0.03145  0.07468  0.03434  0.10105  0.03514  0.04674  0.09870 -0.11800 -0.08469  0.09436 -0.13315
 -0.17182 -0.04014  0.08139  0.05427 -0.10222 -0.00460 -0.17310  0.05379 -0.14580 -0.01641 -0.07396 -0.11102
 -0.07019  0.11324  0.05455  0.05900  0.22898  0.09578 -0.06589 -0.11570

 -0.24389  0.03691  0.07095  0.03220  0.10122  0.03876  0.03784  0.10675 -0.12330 -0.07864  0.10372 -0.12884
 -0.16482 -0.03694  0.09146  0.05783 -0.10616  0.01474 -0.16736  0.04297 -0.14298 -0.02951 -0.07183 -0.11405
 -0.04710  0.12588  0.04314  0.07404  0.23557  0.06851 -0.08066 -0.11596

 -0.24378  0.04111  0.07008  0.02924  0.09104  0.03417  0.02962  0.10337 -0.11745 -0.06957  0.08550 -0.14633
 -0.19503 -0.06188  0.09684  0.06223 -0.11639 -0.01570 -0.17757  0.05207 -0.13127 -0.01882 -0.06944 -0.11354
 -0.06600  0.12240  0.05625  0.07722  0.21921  0.06888 -0.07292 -0.12400

 -0.25462  0.03868  0.06264  0.03405  0.09737  0.02637  0.03544  0.10120 -0.13063 -0.08329  0.09537 -0.13555
 -0.17420 -0.04257  0.09221  0.05632 -0.11284  0.00603 -0.16721  0.03997 -0.13761 -0.03232 -0.06751 -0.12707
 -0.04738  0.11995  0.05444  0.07531  0.22812  0.07873 -0.08525 -0.10430

 -0.98014 -0.03228  0.02687 -0.29618 -0.03552  0.31694 -0.14897 -0.26175  0.06221 -0.21021  0.18963 -0.64828
 -0.56100 -0.21787  0.60220  0.20349 -0.32342 -0.21682 -0.22070 -0.14166 -0.38760  0.05755 -0.19559  0.00685
 -0.38873  0.50793  0.07076  0.18993  0.44048  0.25453 -0.11179  0.04569

 -0.22064  0.31137  0.06785  0.03723  0.23462 -0.24810  0.00774 -0.05997  0.15717 -0.12230  0.18054 -0.05816
 -0.41138 -0.01928  0.31009  0.01183 -0.04933 -0.24135 -0.54088 -0.16989 -0.38654 -0.07774 -0.18245 -0.08386
 -0.40726  0.59969  0.07304  0.13469 -0.36871  0.58472 -0.28091  0.16625

 -0.21505  0.39327  0.28078 -0.20154  0.05683  0.10103  0.49244  0.06955 -0.04556 -0.07197  0.14263 -0.10003
 -0.47635 -0.48091 -0.07095  0.54565 -0.30601 -0.08437 -0.08223 -0.01632 -0.15892  0.01606 -0.03452  0.04337
 -0.00426  0.24802 -0.22290  0.26931 -0.17503  0.08599 -0.53375  0.44553

 -0.25406  0.21747  0.06478  0.08713  0.11913 -0.19855 -0.15187  0.01306 -0.05550 -0.13727  0.18481 -0.12586
 -0.33421  0.16161  0.29429 -0.02809 -0.07708 -0.30285 -0.18571 -0.30054 -0.35192  0.01709 -0.12918 -0.02940
 -0.15902  0.38466  0.06380  0.08408 -0.06565  0.26521 -0.06226  0.02317

 -0.27676  0.31662  0.12986 -0.03725  0.13996 -0.00061  0.11470  0.06731 -0.08773 -0.03829  0.19868 -0.10344
 -0.40507 -0.23022  0.13760  0.36319 -0.16932 -0.22448 -0.06888 -0.21153 -0.25308  0.15727 -0.12779 -0.03225
 -0.04351  0.42745 -0.10172  0.16393 -0.25286  0.25874 -0.26659  0.37069

 -0.15283  0.03434  0.24439  0.08049 -0.09499  0.14804  0.51797 -0.43787  0.50172  0.86587  0.10901 -0.00881
 -0.65404 -1.48808 -0.58642  0.44572 -0.21748  0.09288  0.52293  0.25451 -0.21195  0.02909 -0.18857  0.08145
 -0.33302 -0.10269  0.28528 -0.06173  0.15381 -0.08466 -0.47215 -0.08208

 -0.28522 -0.01546 -0.06496  0.00291  0.03064 -0.13587  0.01966  0.01431  0.07067  0.02968  0.13949 -0.09836
 -0.26520 -0.40336 -0.00326  0.35719 -0.40263 -0.31918  0.02626 -0.13055 -0.15188 -0.06375 -0.29919  0.13279
 -0.12801  0.21832  0.07505  0.13378 -0.01091 -0.04144 -0.29938  0.04206

 -0.26702  0.15718  0.15226  0.01733  0.07177 -0.38135 -0.19547 -0.03634 -0.10483 -0.36409 -0.10413 -0.07766
 -0.25568  0.38208  0.40241  0.15141 -0.17812 -0.13794 -0.19330 -0.18585 -0.04761 -0.12598 -0.03783 -0.15016
 -0.08212  0.18480 -0.30660  0.30820  0.11254  0.18148  0.00105 -0.00785

 -0.24849  0.05135 -0.07350  0.10365  0.01178 -0.00262  0.03949  0.06856  0.09410 -0.04472  0.05763 -0.04223
 -0.29582 -0.26871  0.05392  0.27314 -0.27976 -0.18729 -0.03953 -0.21703 -0.18794 -0.09391 -0.22254  0.02663
 -0.06565  0.20432 -0.12119  0.16676  0.11272  0.03776 -0.18612  0.02409

 -0.26072 -0.05300  0.04106  0.06919  0.08100  0.05453  0.03146  0.12051 -0.09695 -0.06225  0.06026 -0.15336
 -0.14113 -0.06849  0.07545  0.09913 -0.14949  0.03563 -0.21887  0.05519 -0.18885 -0.03992 -0.08364 -0.19467
 -0.09589  0.16925  0.07832  0.08462  0.25173  0.04166 -0.10090 -0.09477

 -0.25625 -0.04766  0.04187  0.03021  0.11618  0.05366  0.02552  0.15026 -0.10376 -0.04199  0.07022 -0.13987
 -0.10584 -0.02775  0.06240  0.10327 -0.14922  0.06159 -0.20626  0.05944 -0.20656 -0.03184 -0.06779 -0.18379
 -0.06733  0.14601  0.05806  0.03109  0.27970  0.06583 -0.07358 -0.11264

 -0.30209 -0.03784  0.07227 -0.03215  0.07965  0.03562  0.01965  0.15036 -0.08996 -0.02972  0.09705 -0.10910
 -0.12121 -0.02077  0.05442  0.12341 -0.13061  0.06727 -0.17004  0.03437 -0.22818 -0.01106 -0.06887 -0.15547
 -0.09750  0.15995  0.03974  0.01347  0.27286  0.08677 -0.04813 -0.07803

 -0.26332  0.01185  0.05759  0.08554  0.14037  0.06988  0.04789  0.07793 -0.07484 -0.04755  0.02847 -0.16057
 -0.18504 -0.05293  0.07875  0.12616 -0.12189  0.01786 -0.24167  0.04851 -0.20968 -0.01569 -0.06041 -0.19763
 -0.09391  0.15557  0.11655  0.05579  0.26101  0.04594 -0.05083 -0.07845

 -0.26269 -0.01662  0.10259  0.05639  0.07601  0.04795  0.06653  0.07210 -0.05169 -0.07874  0.03486 -0.15811
 -0.15459  0.00199  0.05115  0.12556 -0.14490  0.01812 -0.27131 -0.00189 -0.27714  0.01695 -0.01489 -0.16810
 -0.12269  0.17882  0.08909  0.02490  0.25675  0.05572 -0.01615 -0.03013

 -0.29770 -0.06916  0.12640  0.01255 -0.04284 -0.03622 -0.00071  0.06498  0.01984 -0.02574  0.01831 -0.18659
 -0.13845 -0.01404  0.03441  0.12848 -0.13062  0.04062 -0.22548 -0.00352 -0.25334  0.00513 -0.04704 -0.09907
 -0.14837  0.16775 -0.00417  0.03336  0.27662  0.06385 -0.07876 -0.02374

 -0.21661  0.01535  0.10813  0.09827  0.07169  0.12678  0.08313  0.04814 -0.07096 -0.09217 -0.04933 -0.11607
 -0.12064 -0.06331  0.05065  0.13244 -0.15811 -0.01077 -0.24649  0.03355 -0.19097  0.02628 -0.06123 -0.19588
 -0.06308  0.07643  0.00898  0.04919  0.28083  0.06316 -0.13333 -0.06909

 -0.24749  0.07184  0.05452  0.07619  0.04807  0.03854  0.03992  0.11546 -0.12898 -0.08646  0.10753 -0.13883
 -0.19157 -0.08752  0.12098  0.04431 -0.16625 -0.02336 -0.13300  0.00594 -0.09995 -0.07702 -0.07074 -0.13197
 -0.01254  0.14471  0.01950  0.16050  0.18550  0.08422 -0.15930 -0.10822

 -0.26817  0.04029  0.14192 -0.07192 -0.03954 -0.02192  0.05372 -0.00505 -0.00108 -0.05703  0.10662 -0.15106
 -0.19159  0.02299  0.05184  0.11640 -0.08778  0.01512 -0.13893  0.08244 -0.14680 -0.04927 -0.05793 -0.00083
 -0.12896  0.06300 -0.09602 -0.00981  0.23584  0.07237 -0.11013 -0.06088

 -0.25617 -0.01769  0.03454  0.10066  0.12973  0.04674  0.03595  0.13183 -0.10002 -0.10415  0.01806 -0.16116
 -0.16389 -0.07093  0.11583  0.09889 -0.14960  0.06818 -0.23536  0.01431 -0.19898 -0.04116 -0.04181 -0.18079
 -0.04079  0.16517  0.05300  0.12585  0.24518  0.04219 -0.09872 -0.11548

 -0.30335  0.05804  0.04964 -0.05165  0.02640  0.02466  0.07264  0.05649 -0.03469 -0.03799  0.14712 -0.06895
 -0.12385  0.02084  0.08473  0.15219 -0.14678  0.06792 -0.13484 -0.02770 -0.16036 -0.06593 -0.06804 -0.09497
 -0.07127  0.13726 -0.08608  0.04012  0.22314  0.07788 -0.09971 -0.09495

 -0.25248 -0.01308  0.10519  0.01316  0.02596  0.04450  0.04221  0.03554 -0.10524 -0.03722  0.09438 -0.16033
 -0.14587 -0.00872  0.06245  0.09050 -0.09165 -0.00848 -0.14428  0.04650 -0.10382 -0.03919 -0.10175 -0.10052
 -0.11856  0.10519 -0.03973  0.03660  0.20490  0.06222 -0.14754 -0.09193

  0.33529 -0.14420 -0.27005  0.34872  0.03605 -0.13092 -0.61398  0.11114 -0.07755 -0.08395  0.18223 -0.26473
 -0.07645  0.57275  0.49365 -0.64327  0.22502 -0.13669 -0.53471 -0.36388  0.00417 -0.24669 -0.32776 -0.06627
 -0.32838 -0.14217  0.44764 -0.14284  0.66545 -0.03675  0.32361 -0.53703

 -0.28882  0.03846 -0.12304  0.29386 -0.10112 -0.14592 -0.44858  0.04702 -0.01027 -0.12990  0.09218 -0.17305
 -0.19069  0.34145  0.33837 -0.58726  0.10803 -0.20244 -0.40209 -0.27561 -0.12636  0.03021 -0.11313 -0.00025
 -0.25779  0.00795  0.26376  0.13591  0.49277  0.10746  0.17060 -0.45303

 -0.30693 -0.02323 -0.11543  0.29257 -0.08392 -0.11579 -0.52561  0.08010 -0.14085 -0.18137  0.11240 -0.15663
 -0.12675  0.42170  0.30463 -0.61227  0.13196 -0.15537 -0.46037 -0.39402 -0.13837 -0.02364 -0.15409  0.02785
 -0.31573  0.07432  0.26436  0.04104  0.51562  0.04989  0.14101 -0.47032

