 -0.16914 -0.02118  0.10578 -0.10081  0.05765  0.06801 -0.03510 -0.02642 -0.01360 -0.00582 -0.02663  0.03018
 -0.04781 -0.00078 -0.01625  0.03045  0.00104  0.04940  0.00618 -0.09567  0.06957 -0.00481 -0.00354  0.03299
 -0.01528  0.01473 -0.03925  0.01940 -0.04375 -0.01247  0.00367  0.00099

 -0.10438  0.02941  0.01935 -0.00552  0.00721 -0.03531 -0.01950 -0.00761 -0.01791  0.00631 -0.05075  0.02709
 -0.01612 -0.00765 -0.00892  0.01608  0.00324 -0.02911  0.00934  0.01606  0.02049  0.00227 -0.03744  0.06438
 -0.01084 -0.00971 -0.00520  0.01732  0.00583 -0.00974 -0.00490  0.02602

 -0.20926 -0.01750 -0.00940 -0.05022  0.00021  0.04187 -0.03244 -0.00395  0.02786  0.02201  0.00379 -0.04448
 -0.01787  0.03267  0.03937 -0.01622 -0.06201  0.02716 -0.04781 -0.03230  0.04022 -0.02338  0.01049  0.03958
  0.01752  0.03267 -0.04758  0.05270 -0.07600  0.00230  0.01690 -0.05290

 -0.15280 -0.01219  0.09570 -0.01662  0.06093 -0.00248 -0.05167 -0.00335 -0.01690 -0.00727  0.02339  0.02994
 -0.07269 -0.01485 -0.04745  0.03672  0.08522  0.14813  0.09892 -0.17915  0.04878  0.05201  0.02871 -0.09868
 -0.05227 -0.05739 -0.04323  0.01174 -0.01782 -0.03759 -0.02700  0.13510

 -0.19305  0.00444 -0.01027 -0.03387  0.03712  0.00888 -0.00081 -0.01081  0.04283  0.03206  0.01924  0.00346
 -0.05254  0.00174  0.00038  0.02245 -0.03884  0.07402 -0.02840 -0.10720  0.06982  0.03000  0.03631 -0.05254
 -0.00681  0.01762 -0.01705  0.04228 -0.04714  0.00537  0.01286 -0.04873

 -0.20914  0.00061  0.02934  0.00448  0.04398 -0.02886  0.01371 -0.01606  0.00775  0.00755  0.01577  0.03573
 -0.03882 -0.01494 -0.03669  0.02173  0.02419  0.10469  0.05457 -0.11690  0.03148  0.05932  0.02316 -0.12059
 -0.03002 -0.03177 -0.01693  0.00573 -0.00255 -0.00784 -0.02005  0.04516

 -0.12865 -0.01366  0.07919 -0.00995  0.05306  0.01424 -0.03738 -0.02563 -0.01275  0.00135  0.02803  0.03256
 -0.06764 -0.00504 -0.03536  0.03495  0.07218  0.12396  0.07226 -0.17595  0.02901  0.05663  0.02661 -0.12690
 -0.03621 -0.05135 -0.02268  0.00688 -0.01462 -0.01898 -0.00653  0.09811

 -0.18506 -0.01274 -0.02768 -0.03681  0.03492  0.04449 -0.00313 -0.01646  0.01436  0.03635  0.02245 -0.02983
 -0.05388  0.01315  0.00383  0.00138 -0.07737  0.10058 -0.01877 -0.09518  0.05972  0.00345  0.03729 -0.06079
  0.02123  0.06088 -0.06060  0.05711 -0.07626  0.01950  0.00493 -0.10613

 -0.08039 -0.02381  0.05886 -0.04320  0.05561  0.04679 -0.00635 -0.02772  0.01259  0.00889  0.03654  0.00063
 -0.06431  0.00160 -0.03909  0.02407 -0.00324  0.12929  0.01516 -0.14936  0.05353  0.00191  0.04113 -0.06890
 -0.00567  0.01275 -0.04187  0.03029 -0.05415 -0.00266 -0.00852 -0.01180

 -0.20924 -0.00557 -0.00551 -0.02191  0.01389  0.01168 -0.00083 -0.00769  0.02592  0.01676 -0.00814 -0.00458
 -0.01240  0.00516  0.00875  0.00435 -0.03783  0.01160 -0.01567 -0.03251  0.02511 -0.00684  0.01203  0.00778
 -0.00249  0.00414 -0.00806  0.02765 -0.03130  0.00184  0.01009 -0.03461

 -0.16098 -0.01137  0.02620 -0.04030 -0.00415  0.03231 -0.00186 -0.01222 -0.01516  0.00215 -0.05654 -0.03159
  0.01110  0.01790 -0.00355 -0.02484 -0.07574 -0.02731 -0.03805  0.05891  0.01679 -0.04939 -0.01614  0.09894
  0.04880  0.08688 -0.07236  0.02595 -0.05183  0.01327 -0.02803 -0.10135

 -0.24104  0.09931  0.03636  0.01942 -0.07016  0.36505  0.01906 -0.01285  0.00074  0.02417  0.05586 -0.07979
  0.01938  0.05536  0.03511 -0.05556 -0.06596 -0.02828 -0.11585  0.07098  0.02277 -0.04733 -0.08032  0.05928
  0.08027  0.11885 -0.02959  0.00450 -0.03919  0.03778  0.01293 -0.07083

 -0.18499 -0.01832 -0.01793 -0.03123 -0.00316  0.02803 -0.00443 -0.00228  0.00621  0.02140 -0.01557 -0.04384
  0.02917  0.01077  0.03290 -0.00125 -0.05600 -0.02233 -0.04619  0.03019  0.03264 -0.01656 -0.02464  0.06376
  0.01454  0.03701 -0.00579  0.01937 -0.02381  0.02003  0.00316 -0.04925

 -0.15296 -0.01711  0.06303 -0.07065  0.01374  0.12015 -0.02167 -0.01712 -0.00470  0.01853  0.00051 -0.04656
 -0.02100  0.04705  0.00534 -0.01208 -0.05607  0.04097 -0.04032 -0.03597  0.04841 -0.04893 -0.00715  0.04393
  0.04297  0.08883 -0.06639  0.04174 -0.06797  0.00875 -0.00465 -0.05349

 -0.06408 -0.01089 -0.05369  0.03508 -0.00390 -0.04685 -0.00680 -0.00423  0.01980  0.02903  0.05265 -0.03396
 -0.03953  0.00959  0.02504 -0.00984 -0.01376  0.07005  0.00527 -0.07337  0.01642  0.05075  0.04829 -0.13642
 -0.01283 -0.03341  0.00723  0.03008 -0.03302 -0.00361  0.01697 -0.00353

