  0.05121  0.05785  0.31000 -0.04388 -0.16443 -0.19358  0.41676  0.58503 -0.15786  0.21555  0.18164  0.70166
 -0.08528  0.42577 -0.41529 -0.21130  0.09684 -0.33099 -0.11674 -0.63642 -0.02347 -0.26993 -0.16571  0.15234
 -0.41328  0.13660  0.29308  0.01281  0.35869 -0.10991  0.28695 -0.06037

 -0.18129  0.13118  0.42054  0.10199 -0.29540 -0.23317  0.12513  0.64183 -0.15726  0.14758  0.00478  0.61536
 -0.11593  0.85691 -0.27270 -0.63822  0.12514 -0.53432 -0.38199 -1.07016 -0.18824 -0.48660 -0.34120  0.28256
 -0.60290  0.08912  0.37325 -0.04487  0.51852 -0.03453  0.38446 -0.15927

  0.12225 -0.02730 -0.33274 -0.38732 -0.30070  0.21801  0.08266  0.13417  0.14560  0.20228  0.38912  0.67472
  0.46927 -0.16398 -0.27730 -0.01800  0.15836  0.42102  0.31888 -0.28665  0.33083  0.11878  0.62797  0.18114
  0.66339 -0.13966  0.09055 -0.16257 -1.15352 -0.41017  0.39825  0.03307

  0.01045 -0.31559 -0.53067 -0.47031 -0.19631  0.15424  0.33718  0.00994  0.16303  0.19579  0.06178  0.68311
  0.87383  0.22638 -0.20314 -0.37576  0.44675  0.16863  0.22876 -0.32684  0.30405  0.07551  0.27041  0.16853
  0.21284  0.20464  0.17428 -0.20015 -0.63782 -0.40007  0.38335 -0.01998

  0.03920 -0.42246 -0.98978 -0.67002  0.19282  0.64640  0.26634 -0.44831  0.36611  0.12325 -0.03362  0.22197
  0.85474 -0.31520  0.30147 -0.18779  0.38516  0.50431  0.26196  0.11940  0.51449  0.21946  0.49676  0.26375
  0.46903  0.07880  0.17490 -0.23918 -0.97729 -0.33129  0.63376  0.01209

 -0.02228 -0.57030 -0.35810 -0.77926 -0.37966  0.51109  0.51516 -0.48784  0.42921 -0.21136  0.17973  0.53203
  0.71818  0.37648 -0.21935 -0.04933  0.21611  0.63231 -0.23708 -1.06592 -0.12850 -0.36739  0.65403  0.26310
  0.67152  0.11652 -0.29208  0.08378 -1.45094 -0.47873  0.52956  0.40053

  0.17448  0.17247  0.13008  0.26332 -0.33901 -0.55305 -0.31221  0.34637  0.16673  0.01338  0.10734  0.18722
 -0.17077  0.29452 -0.20477 -0.29526  0.22565 -0.31251 -0.12680 -0.08718 -0.18190  0.02893 -0.09856  0.05510
 -0.05564 -0.19014  0.01714 -0.14300  0.21031  0.08195  0.13112 -0.21860

 -0.03690 -0.18191 -0.43503 -0.56319  0.03749  0.28339  0.57229 -0.29040 -0.08198  0.03138  0.16080  0.37880
  0.59285 -0.46639 -0.05292  0.24347  0.06711  0.38408  0.49647  0.17829  0.38299  0.15408  0.38635  0.21199
  0.40110  0.26589 -0.16385 -0.32640 -0.49702 -0.16408  0.08391  0.19016

  0.08171 -0.14739 -0.39255 -0.29605 -0.48371  0.21943 -0.06006  0.04375  0.04396  0.16311  0.23618  0.64685
  0.39714  0.04729 -0.01758 -0.30995  0.25443 -0.03468  0.48344 -0.51058  0.41449  0.01566  0.14405  0.31497
  0.05602 -0.00237  0.08039 -0.08208 -0.34935 -0.10350  0.32926 -0.05717

 -0.12346 -0.68054 -1.04163 -1.19746 -0.37014  0.74263  0.26437 -0.78757  0.74498 -0.61354 -0.16943 -0.14180
  0.85047  0.05292  0.24929  0.12377  0.27755  0.60669  0.04808 -0.02388 -0.05099  0.16289  0.42391  0.22411
  0.59785 -0.02044 -0.26211  0.24377 -1.59528 -0.46470  0.42292  0.35580

 -0.05187 -0.08327  0.38315  0.16903 -0.16381 -0.39597  0.53223  0.15157  0.13644  0.64594 -0.09592  1.13525
  0.77299  0.43225 -0.73235 -0.35871  0.10724  0.30466 -0.25952 -1.06464  0.20377 -0.21258  0.53492  0.21643
  0.34781  0.29747 -0.22869  0.05695 -0.79075 -0.33978  0.21729  0.29902

 -0.09891 -0.20859 -0.27527 -0.11786  0.08328 -0.01557  0.39344 -0.08573  0.15397  0.08254 -0.15794  0.49033
  0.48149  0.16630 -0.11995 -0.27966  0.02386  0.22752  0.04861 -0.54983  0.12329 -0.16301  0.19850  0.12651
 -0.01757  0.19725 -0.01968 -0.16801  0.20645 -0.10206  0.43390  0.06373

 -0.12289 -0.35971 -0.55110 -0.19063  0.06935  0.28730  0.10571 -0.29200  0.07079 -0.05791  0.04407  0.27479
  0.50415  0.20336  0.27129 -0.50232  0.20459  0.32687 -0.08334 -0.35082  0.29807  0.09228  0.23435  0.20541
  0.22336  0.15831  0.11439 -0.15909 -0.09823 -0.13199  0.58389 -0.07518

 -0.21125 -0.01641  0.03979 -0.25191 -0.31016 -0.04745  0.16153  0.10619  0.00294  0.39370  0.19449  0.79714
  0.25563  0.27373 -0.32880 -0.16250  0.00331  0.32688 -0.24772 -0.71181  0.33714 -0.04852  0.36551  0.23986
  0.40682 -0.03737 -0.14258  0.03569 -0.66156 -0.09062  0.34419 -0.00425

 -0.05799 -0.22647 -0.21913 -0.06755 -0.24293  0.06772 -0.04343 -0.22895  0.14712  0.15117 -0.09354 -0.12635
  0.50849 -0.11067  0.19764 -0.56456  0.29356 -0.17785  0.48832  0.24984  0.26969  0.20737 -0.11466  0.11667
  0.13767  0.15973  0.12974 -0.07087 -0.13632 -0.11683  0.04838  0.08709

 -0.27966 -0.15934 -0.52161 -0.35621  0.15959  0.43784  0.29641 -0.58373  0.25758 -0.01005 -0.12486  0.31527
  0.60418 -0.00928 -0.21474 -0.06940  0.01587  0.29405  0.10751 -0.00775  0.20842  0.24146  0.21482  0.03110
  0.16986  0.25276 -0.03775  0.29492 -0.40831 -0.29510 -0.06436  0.03372

 -0.05109  0.03783  0.38398  0.22362 -0.31880 -0.46385  0.13078  0.31304 -0.05221  0.58222  0.06867  0.89070
  0.30564  0.54620 -0.45771 -0.43479  0.07915  0.10756 -0.26278 -0.99766  0.20211 -0.22291  0.18507  0.14758
  0.26587  0.15530  0.04238  0.02675 -0.37069 -0.21444  0.41563  0.12813

 -0.25904 -0.15676 -0.02747 -0.20859 -0.36726  0.03017 -0.03507 -0.00128  0.09125  0.21427  0.18790  0.52452
  0.15584  0.33119 -0.18759 -0.08398  0.06205  0.41136 -0.21046 -0.58812  0.24973 -0.05586  0.34369  0.16505
  0.42232 -0.04147 -0.15441  0.08414 -0.61902 -0.10791  0.34821 -0.04335

 -0.31952 -0.34644 -0.60743 -0.32175  0.07618  0.50798  0.28542 -0.68658  0.20748 -0.13432 -0.09564  0.31896
  0.65496  0.02404  0.02755 -0.17510  0.22619  0.25515  0.18863  0.22531  0.25845  0.32411  0.09116  0.02138
  0.50588  0.27979 -0.01724  0.23715 -0.72146 -0.26234  0.07123  0.10364

 -0.22822 -0.15067 -0.36602 -0.17414  0.21293  0.19907  0.23488 -0.31900  0.15395 -0.21216  0.05117 -0.05273
  0.29626 -0.04847  0.05627 -0.06935 -0.03065  0.21552  0.07078  0.21927 -0.00176  0.20290  0.05072 -0.00253
  0.10548  0.33184  0.06058 -0.03227  0.10621 -0.22886 -0.04763  0.03274

 -0.21858 -0.73537 -0.65606 -0.66155  0.20788  0.32468  0.56247  0.52512  0.27046  0.06680 -0.38910  0.40888
  0.95295 -0.14471 -0.16379 -0.22969  0.44390  0.00535  0.36369  0.50532  0.12120  0.13706 -0.19015  0.10909
  0.35380  0.15076  0.04264 -0.31709 -0.54289 -0.32290  0.38143 -0.02577

 -0.04227 -0.56189 -0.43207 -0.32228  0.07571  0.29837  0.48898  0.08159 -0.04311  0.13903 -0.33451  0.31452
  0.91557  0.07725 -0.34038 -0.33977  0.44332 -0.09757  0.32701  0.29172  0.14502  0.26833 -0.19763 -0.03161
  0.04978  0.35191 -0.02519 -0.14197 -0.41029 -0.32010  0.15718  0.26629

 -0.20839  0.05744  0.10134  0.06757 -0.19461 -0.05285 -0.82547  0.00563 -0.15523  0.09161  0.16866 -0.39106
 -0.25782 -0.11070  0.20671 -0.03997  0.11023 -0.30714 -0.58883  0.31457 -0.06876  0.01556 -0.01033  0.03607
 -0.38293  0.13622 -0.02254 -0.14921  0.36702  0.35062 -0.05468 -0.71598

  0.78087 -0.13936 -0.66042 -0.29093 -0.21333 -0.05692 -0.98038 -0.09650  0.39082  0.01356 -0.16210 -0.71239
  0.17744  0.18634  0.12974 -0.29213 -0.41356  0.19615  0.16858  0.33693 -0.01647  0.31080 -0.29453 -0.36580
 -0.45454 -0.73307 -0.07741  0.08810  0.48013  0.16881 -0.04475 -0.09970

  0.44061 -0.27166 -0.59455 -0.07211 -0.32944 -0.08575 -0.96559  0.11300  0.21941 -0.06508 -0.19639 -0.58000
  0.05266  0.12008  0.25775 -0.43739 -0.26013  0.18643  0.31084  0.06502  0.17945  0.17501 -0.35438 -0.12090
 -0.59297 -0.65732  0.03979  0.07004  0.54997 -0.11979  0.07925 -0.13495

  0.77525 -0.07256 -0.46240 -0.17480 -0.25501  0.10783 -1.17516 -0.06465  0.22376  0.03572  0.13600 -0.53057
  0.00402  0.04528  0.29821 -0.28530 -0.38583  0.17273  0.27229  0.39990 -0.11714  0.36205 -0.46405 -0.25331
 -0.46352 -0.33916  0.29662 -0.04992  0.48436 -0.44673 -0.00540 -0.30391

  0.63203 -0.20653 -0.74094 -0.21685 -0.16213  0.00561 -0.92786 -0.02038  0.38181  0.09819 -0.35242 -0.59133
  0.34527  0.01952  0.11077 -0.26384 -0.32910  0.18885  0.55790  0.45238  0.21607  0.37027 -0.41837 -0.24593
 -0.69509 -0.59105 -0.05579 -0.07180  0.64422 -0.07294  0.13915  0.11048

  0.00797 -0.26925 -0.46776 -0.13458 -0.14469  0.02458 -0.07354  0.05535  0.03208  0.07176 -0.25473 -0.27753
  0.38259 -0.15525  0.06951 -0.23157  0.11428  0.05267  0.47742  0.19399  0.27881  0.18933 -0.17687 -0.11802
 -0.40703  0.04181 -0.11605 -0.25991  0.59986  0.13045  0.12555  0.19991

  0.06188 -0.21723 -0.68596 -0.12355  0.01586  0.09812 -0.07501 -0.22936  0.12359 -0.01283 -0.44021 -0.27943
  0.46305 -0.18510  0.18879 -0.19740  0.13670 -0.06094  0.78234  0.17478  0.36969  0.10867 -0.20186  0.02914
 -0.62298 -0.13147 -0.05231 -0.16214  0.38251  0.25548  0.15612  0.27800

  0.14528 -0.00948 -0.35083 -0.23753 -0.47798  0.11440 -0.58005 -0.30204 -0.06441  0.11398 -0.19106 -0.57107
  0.19431 -0.34775  0.32096 -0.16067  0.01004 -0.18382  0.62550  0.40768  0.20549  0.25255 -0.27307 -0.14339
 -0.67210  0.05628 -0.14237 -0.41230  0.67480  0.20423 -0.06319  0.39637

  0.24220 -0.08903 -0.48338 -0.20529 -0.13381 -0.02962 -0.28876 -0.07500  0.08581  0.05908 -0.30687 -0.60232
  0.01570 -0.41859  0.25174  0.05452 -0.16159  0.09464  0.66511  0.28556  0.32524  0.17158 -0.06517 -0.01631
 -0.78048 -0.29187 -0.23726 -0.31127  0.52246  0.39977  0.17672  0.36047

 -0.06164 -0.51240 -0.54464 -0.22869 -0.02180 -0.01359  0.17190  0.24627  0.19444  0.08870 -0.28207  0.26090
  0.84056  0.33781 -0.44972 -0.55152  0.16699  0.23199  0.20315 -0.09749  0.03464  0.23946 -0.08262 -0.24851
  0.03672  0.36028 -0.03552  0.09031 -0.16859 -0.34071  0.19893  0.23943

 -0.14288  0.23626  0.53704  0.33147 -0.14887 -0.33126  0.37049  0.30342 -0.13544  0.66757  0.20977  1.06196
  0.47298  0.25736 -0.75316 -0.09567  0.05570  0.11008 -0.01877 -0.77939  0.13329 -0.10628  0.48367 -0.05924
  0.60876  0.19562 -0.06662  0.11044 -0.53771 -0.34133  0.03637  0.09845

  0.03473 -0.16971 -0.28084 -0.05560 -0.16032  0.01763 -0.54890 -0.04288  0.12218 -0.07151 -0.15864 -0.42693
 -0.01986 -0.07868  0.28220 -0.23275 -0.01677 -0.05711  0.11329  0.05627  0.05593  0.09530 -0.09909  0.07160
 -0.55775 -0.21296 -0.00027 -0.05466  0.68274  0.14462  0.22889 -0.01823

  0.07129 -0.23789 -0.14808 -0.15329 -0.01765  0.27174  0.05336 -0.12641 -0.05788  0.08148 -0.11646 -0.33342
  0.12586 -0.33334  0.29551  0.03332  0.23920 -0.06747  0.35189  0.28239  0.27589  0.00076  0.06690  0.21158
 -0.49396 -0.03622 -0.09677 -0.49265  0.44608  0.16054  0.22125  0.10497

 -0.21983 -0.20353 -0.36024 -0.01322 -0.02325  0.10781  0.02964  0.03518  0.06150  0.16233  0.16798  0.56935
  0.51766  0.34834 -0.21642 -0.25960  0.14866  0.22585 -0.04709 -0.25828  0.02337  0.11722  0.12970 -0.04540
  0.35209  0.23935  0.11643 -0.02452 -0.33448 -0.24485  0.27287 -0.07137

 -0.03173 -0.22995 -0.37555 -0.01431  0.09847  0.19752 -0.21875 -0.17137  0.11401 -0.02493 -0.17252 -0.07896
  0.27739  0.07260  0.21637 -0.27770  0.13535  0.06755  0.08005  0.06365  0.16761  0.08310  0.05002  0.04985
 -0.22560 -0.00735  0.11916 -0.16087  0.24845 -0.07408  0.32352 -0.07475

 -0.19717 -0.12278 -0.32067 -0.07105 -0.24696  0.23517 -0.18222 -0.12078  0.15223  0.28445  0.38829  0.39707
  0.41779  0.27901 -0.20573 -0.09653  0.15389  0.38888  0.01695 -0.12328  0.07111  0.30578  0.29645 -0.04523
  0.53071  0.04948  0.00601 -0.08343 -0.58613 -0.27197  0.19027 -0.12921

 -0.15945 -0.12501 -0.39748 -0.12476 -0.15179  0.01609 -0.06893  0.03839  0.06954  0.06954  0.24078  0.28772
  0.36109  0.09595  0.12828 -0.17122  0.06025  0.22046  0.02553 -0.21760  0.25882  0.11194  0.29253  0.09765
  0.39499 -0.07448  0.06208 -0.25245 -0.16035 -0.04616  0.35063 -0.19559

 -0.24535 -0.27538 -0.27560 -0.67422  0.11506  0.18512  0.46868 -0.27644  0.06649  0.11285 -0.08285 -0.19116
  0.71173 -0.42217 -0.12017  0.18918  0.01887  0.47707  0.31542  0.70961  0.35191  0.38588  0.47433  0.01189
  0.36171  0.13991 -0.24780 -0.09182 -0.43300 -0.20201 -0.19520  0.19444

  0.17247 -0.13542 -0.22564 -0.31345 -0.04770  0.21009  0.16813 -0.10859 -0.01489  0.10045 -0.27952 -0.25552
  0.17928 -0.65205  0.02380  0.24899  0.22807 -0.05610  0.65710  0.59962  0.31426  0.12691  0.12172  0.14811
 -0.34784 -0.02597 -0.20363 -0.45200  0.13976  0.20750  0.16315  0.24724

  0.10787 -0.17669 -0.03769  0.07607  0.00589  0.03291 -0.22436 -0.16199 -0.02616 -0.04566 -0.09625 -0.37011
 -0.19496 -0.33927  0.47434 -0.12692  0.19890 -0.21545  0.17368 -0.04074  0.26698 -0.26384  0.07470  0.40650
 -0.59489 -0.28396 -0.05256 -0.32686  0.46418  0.31116  0.41656  0.00742

  0.00777 -0.13758 -0.32002 -0.06498 -0.03701  0.11999 -0.21769 -0.02394  0.16481  0.15539  0.02270 -0.17764
  0.06226 -0.06468  0.26743 -0.05283  0.07941 -0.01889  0.26897  0.06878  0.16979 -0.02488 -0.00448  0.14867
 -0.35423 -0.09333  0.07908 -0.24461  0.33959  0.02786  0.38287 -0.13588

  0.09844 -0.09446 -0.25546 -0.19633 -0.08029  0.29908 -0.03126 -0.19890  0.04626  0.05235 -0.06022  0.06925
  0.22654 -0.16703  0.05697  0.13619  0.06835  0.12218  0.48953  0.00449  0.34124 -0.11497  0.16502  0.15950
 -0.07529 -0.39194  0.02260 -0.11956 -0.05322 -0.04082  0.21472 -0.12472

 -0.18602 -0.09547 -0.07670  0.16920 -0.21971 -0.11093  0.07754  0.20165 -0.07395  0.25675  0.43085  1.00111
  0.36964  0.56929 -0.31218 -0.34826  0.14778  0.11465  0.11279 -0.69698 -0.00845 -0.13032  0.13392  0.04060
  0.53290  0.18214  0.18825 -0.20972 -0.30888 -0.23258  0.45592 -0.12451

 -0.19956 -0.10245 -0.21049 -0.09934 -0.13402  0.14741 -0.13224 -0.02910  0.12307  0.20087  0.33199  0.46547
  0.31744  0.19814 -0.32383 -0.00032  0.06404  0.41016  0.06179 -0.00094 -0.04131  0.20687  0.30915 -0.01304
  0.53626  0.12111  0.02675 -0.11289 -0.60101 -0.36144  0.22694 -0.09814

